countyFIP,less than high school,high school,associates degree,college degree1000,14.2,30.9,29.9,24.91001,11.3,32.6,28.4,27.71003,9.7,27.6,31.3,31.31005,27,35.7,25.1,12.21007,16.8,47.3,24.4,11.51009,19.8,34,33.5,12.61011,24.8,39.7,22.3,13.31013,15.4,43.9,24.6,16.11015,15.9,32.4,33.7,181017,18.6,38.4,29.7,13.21019,19.8,38.3,29,12.91021,17.8,44.1,24,14.21023,18.6,38.2,30.2,131025,18.8,43.7,24.9,12.61027,24.5,36.3,29.1,10.21029,22.6,39.6,24.1,13.71031,13.8,27.9,34.9,23.41033,15.6,36,29.7,18.71035,19.2,48.8,21.3,10.71037,20.4,38.6,29.5,11.61039,17.1,35.4,32.5,14.91041,21.6,38.8,24,15.61043,18.2,35.6,32.4,13.71045,14.2,32.7,36.1,171047,19.3,35.2,30.4,15.11049,25.9,33.3,28.1,12.71051,13.6,32.8,29,24.51053,18.5,44.5,24.4,12.71055,15.5,32.9,33.9,17.71057,17.6,41.5,27.9,12.91059,23.2,36.8,27.1,12.91061,20.9,37.2,30.8,11.11063,24.1,36.8,29,10.11065,16.4,42.6,26.9,14.11067,19.8,33.5,28.7,181069,14.3,31.6,33,211071,17.5,40.8,27.5,14.21073,10.3,26.8,30.6,32.41075,17.6,39.9,30,12.51077,12.6,36,27.5,23.91079,21,41.5,25.8,11.71081,9.5,24.1,32.3,34.11083,15.7,30.3,28.5,25.51085,22.5,38.6,24.8,14.11087,18.3,30.1,30.9,20.71089,8.9,20.8,28.6,41.71091,16.2,39.8,28.6,15.41093,20.3,34.8,31.7,13.11095,19.1,31.1,30.5,19.21097,13.8,33.5,29.8,22.91099,16.3,46.1,23.5,14.11101,14.4,25.5,28,32.11103,16.7,29.6,32,21.71105,21.9,39.4,22.9,15.71107,19.4,36.7,30.4,13.51109,19,33.3,24.2,23.61111,21.2,36.3,27.5,14.91113,16.7,32.3,34.5,16.51115,15.2,36,32.3,16.51117,7.8,20.3,29.7,42.11119,15.8,37.8,24.6,21.81121,19,34.9,31.8,14.31123,19.5,32.9,29.2,18.31125,11.6,29.9,28.3,30.31127,19.1,37.1,32.2,11.61129,19.6,43.2,26.1,11.11131,23.1,40.3,24.1,12.51133,21.9,37.4,27.3,13.52000,7.3,28,35.5,29.22010,,,,2013,13.6,40.2,33.4,12.72016,11.2,40.5,31.9,16.42020,6.2,23.8,34.7,35.32050,18.6,45.2,23.9,12.32060,5.6,34.9,37.2,22.32068,1.6,26.1,28.8,43.52070,12.7,39.2,28.8,19.32090,5.5,22.3,39.7,32.62100,3,30,29.5,37.42105,8.5,35.6,32.5,23.42110,3.9,20.4,36.2,39.52122,7.2,32.2,37.3,23.32130,7.3,29.9,38.3,24.52150,10.1,31.3,32.6,262158,22.3,53.6,19.3,4.82160,,,,2164,14.5,41.9,27.9,15.82170,7.6,32.2,39,21.22180,15.9,42.9,26.6,14.62185,10.2,43,30.2,16.62188,18.1,47.3,22.8,11.72195,10.3,31.9,30.3,27.62198,9.8,37.3,35.3,17.62201,,,,2220,6,28.3,33,32.62230,6.3,23.4,36.6,33.72231,,,,2232,,,,2240,9.8,32.6,38.5,19.12250,,,,2261,4,32.7,32.7,30.62275,11.7,37.6,30,20.72280,,,,2282,8.2,38.4,33.5,202290,14.3,40.3,32,13.44000,13.2,24,33.9,28.94001,20.4,33.1,34.8,11.74003,12.8,23.5,40.7,234005,10.4,21.4,32.6,35.64007,14.7,28.6,38.2,18.54009,14.4,29.9,40.5,15.34011,11,36.2,40.9,11.94012,22.7,33,32,12.44013,12.6,22.6,32.8,324015,14.7,34.8,37.6,12.94017,17.2,30.1,36.9,15.84019,11.7,22.5,34,31.94021,14.6,29.7,36.8,194023,24.4,27.2,27.4,214025,9.7,25.7,39.4,25.24027,27.9,25.9,31.4,14.85000,13.8,34.1,29.5,22.65001,17,38.3,29.2,15.55003,17.7,39.9,29.2,13.25005,11.8,35,34.8,18.35007,11.9,29.1,26.5,32.45009,13,33.8,37.2,165011,18,41.6,25.1,15.25013,17.3,43.6,27,12.15015,14.2,34.6,30.8,20.45017,19.3,39.2,26.7,14.75019,10.8,30.5,31,27.65021,19.3,41.2,27.8,11.65023,15.3,40.7,29.1,14.95025,11.4,47.2,25.2,16.25027,15,39.9,24.5,20.65029,14.1,43.4,26.5,165031,10.9,34.1,28.7,26.35033,14.8,37.4,32.4,15.35035,17.6,35,29.4,185037,17.2,41.5,25.8,15.45039,16.4,43.4,26.6,13.75041,21.2,44,22.4,12.45043,14.9,35.4,29.1,20.65045,8.7,30.5,30.7,305047,17.4,40.1,30.7,11.85049,15.4,37.2,35.6,11.85051,11.6,31.5,36.7,20.25053,8.5,44.2,29,18.35055,12.7,44.2,27.2,15.95057,19,36.9,28.9,15.15059,14.6,39.6,31.1,14.75061,17.1,37.3,30.8,14.75063,14.2,35.8,31,18.95065,14.9,37.8,33.5,13.85067,21.1,41.1,27.7,10.25069,14,38.5,29.7,17.85071,20.6,41.2,22.3,15.85073,18.3,41.3,24,16.55075,14.5,40.4,30.1,155077,27,40.8,23.3,8.95079,18.7,50.3,22.1,8.95081,11.8,42.7,34,11.45083,14.9,45,28,12.15085,11.3,35.1,33.3,20.35087,20.3,45.6,21.6,12.55089,13.1,36.8,32.8,17.25091,14,35.9,33.5,16.65093,19.3,38.6,29.3,12.85095,22.9,43,23.6,10.55097,21.8,36.5,30.9,10.85099,13.2,43.8,27.6,15.45101,17.4,40.8,25.6,16.25103,14.4,41.6,28,165105,16.6,40.7,30.8,11.95107,21.6,30.1,34.3,145109,15.2,38.9,31.2,14.75111,19.4,44.3,26.3,10.15113,15.4,37.4,34,13.35115,15.2,35.5,27.4,225117,17.8,40,27.1,15.15119,9.6,26.2,30.2,34.15121,17.3,35.6,33.1,145123,19.4,38.8,31.2,10.65125,9.6,31.5,32.9,26.15127,21.1,43,26.8,9.15129,15.5,45.1,26.9,12.55131,16.8,32,31.4,19.75133,25.7,36.1,26.7,11.55135,16.4,42,30.3,11.35137,20.4,36.3,30.5,12.85139,15.2,35.2,28.7,20.85141,14.2,43.9,27.8,14.15143,15,26.3,25.8,32.85145,14.6,38.4,25.6,21.45147,20,42.5,25.5,125149,19.9,40.9,25.7,13.56000,17.1,20.6,29.1,33.36001,12,17.6,24.4,466003,11.1,28.7,30.2,306005,9.7,28.7,41.3,20.36007,10.7,22.7,40,26.56009,9.6,27.6,44,18.76011,30.6,23.7,30.3,15.46013,10.6,17.6,30.1,41.76015,19,31.5,35.2,14.36017,6.9,21.2,38.2,33.76019,24.7,22.9,31.7,20.76021,24.7,28.2,33.2,13.96023,9.7,23.5,37.1,29.86025,31,24.5,30,14.56027,11.2,29.3,33.5,26.16029,26.2,27.7,30,16.16031,26.3,25.5,34.7,13.56033,14.8,30.1,39.3,15.86035,17.2,33.2,37.5,126037,21.3,20.7,26.2,31.86039,28.1,25,32.4,14.56041,6.8,10.9,23.5,58.86043,9.6,26.5,40.4,23.46045,13.1,25.8,36.5,24.76047,30.6,25.8,29.6,146049,14.4,32.3,37.4,15.96051,11.3,22.8,35.3,30.66053,28.7,20.4,26.4,24.56055,14.9,18,32.2,34.96057,5.8,18.4,39.2,36.66059,14.9,17.1,28.1,39.96061,5.4,18.2,37.8,38.66063,6.1,25.2,45.2,23.56065,18.3,26.9,33,21.86067,12.6,22.3,34.6,30.46069,20.1,24.8,35.4,19.76071,20.5,26.5,32.8,20.36073,12.9,18.4,30.6,38.16075,11.5,12.3,19.1,57.16077,21.1,28.2,32.2,18.46079,9.1,19.8,36.4,34.66081,10.8,15,24.2,49.96083,19,17.9,29.2,33.86085,11.9,14.5,22.3,51.36087,13.6,15.8,30.6,406089,9.2,24.8,43.8,22.26091,6.7,26.6,48,18.76093,10,25.5,41.9,22.56095,12,23.3,38.5,26.26097,12,18.8,34.4,34.96099,21.7,28.6,32.8,16.96101,22,23.9,36.4,17.76103,15.6,30.7,38.2,15.56105,9.4,33.4,37.6,19.76107,30.2,26,29.5,14.36109,9.6,28.4,42,206111,15.6,18.9,32.4,33.16113,13.6,18.5,26.3,41.66115,18,23.1,42.3,16.78000,8.6,21.4,29.8,40.18001,17,28.4,31,23.68003,13.5,27.3,33.1,26.18005,7.6,20.7,29.5,42.28007,8,21.5,31.7,38.98009,15.2,27.3,35.3,22.18011,14.2,48.6,24.7,12.48013,4.9,12.3,22,60.88014,3.2,14.7,26.7,55.58015,7.1,26.7,32.6,33.58017,9.9,36.4,33.8,208019,1.7,20.9,30.9,46.58021,13.4,32.4,34,20.28023,21.5,23.8,35.6,19.18025,15.2,41.7,33.5,9.68027,7,21,35.1,36.98029,9.6,38.2,31,21.28031,12.9,17,22.2,47.98033,8.2,38.3,32.2,21.38035,2,12.2,27.9,57.98037,10.7,15.7,25.4,48.18039,3.3,24.6,36.2,35.98041,6.3,20.2,35.6,37.98043,9.7,39.8,32.3,18.28045,12.2,28.5,29.2,308047,2.4,22,36.8,38.78049,4.5,26.5,31.2,37.88051,2.8,16,25.9,55.38053,6.2,25.7,24.3,43.98055,8.5,28.7,41.3,21.48057,12.4,29.6,41.1,16.88059,5.6,20.6,29.7,44.18061,4.1,38,36.5,21.58063,11.5,37.7,31.8,18.98065,14.5,27.1,24.4,348067,5,20.3,30.8,43.98069,4.2,19.2,30.2,46.38071,12.2,28.8,39.3,19.78073,9.7,53.1,24.4,12.88075,10.5,32.7,36.3,20.58077,9.9,27.3,35.4,27.48079,3.2,19.3,37.6,39.98081,9.1,40.4,33.5,17.18083,10.5,29.4,31.5,28.68085,11.2,31.8,33.1,23.98087,19.9,31.1,31.4,17.68089,14.6,29.2,38.4,17.78091,1.6,18.2,31.6,48.68093,3,29.9,36.9,30.28095,11.8,27.6,35.1,25.58097,3.7,14.8,18.4,63.18099,17.9,25.9,38.8,17.48101,10.6,28.7,38.8,228103,7.2,33.7,38.8,20.28105,15.7,30.2,30.4,23.78107,3.2,19.7,26.6,50.48109,19.6,29.8,27.8,22.98111,7.1,26.7,31.7,34.58113,5,15.2,23.2,56.78115,9.9,30,39.3,20.88117,6.7,19,23.3,518119,4.2,25.5,36.2,348121,7.5,32,44.3,16.28123,11.9,27.5,33.8,26.78125,11.9,33.5,32.5,22.19000,9.5,27.1,24.5,38.99001,10.1,21.7,20.9,47.49003,10.5,26.9,24.9,37.89005,7.4,29.7,27.8,35.19007,5.8,26.1,26.6,41.59009,9.9,30.9,24.3,34.99011,8.1,29.8,28.8,33.39013,5.4,27.5,25.9,41.29015,11.4,33,31.5,24.110000,10.2,31.6,26.8,31.410001,12.9,33.2,30.4,23.610003,8.5,30.6,25,35.910005,12.3,32.8,28.4,26.511000,9.4,17.2,15.9,57.611001,9.4,17.2,15.9,57.612000,12,28.8,30,29.212001,7.6,21.7,28.1,42.512003,15.5,42.8,28.4,13.412005,9.7,31.4,36.1,22.812007,21.7,39.7,28,10.612009,8,28.6,34.1,29.312011,11.2,27.4,29.5,31.912013,21.9,41.9,26.3,9.912015,9.7,33.8,33.3,23.212017,11.9,38.3,32.1,17.612019,8.9,31.6,35.5,24.112021,13.6,25.4,24.8,36.212023,13.3,36.1,35,15.612027,27.3,43.1,18.1,11.412029,20.7,44.7,25.2,9.412031,10.5,27.9,32.5,29.212033,9.2,27.3,37.1,26.412035,8,33.9,33.7,24.412037,19.7,35.7,27.4,17.112039,20.7,36.6,26.1,16.712041,14.1,42.2,29.6,14.212043,24.4,40.6,25.1,9.912045,15.1,37.3,29.9,17.712047,23.9,44,22.8,9.312049,24.2,47.9,17.4,10.412051,34.3,34.8,22.7,8.212053,12.6,36.4,33.5,17.512055,15.3,38,29.8,1712057,11.6,27.1,28.6,32.712059,22.6,39,28.1,10.312061,11.3,29.7,30.6,28.312063,19.3,37.4,29.8,13.412065,17.9,33.3,26.7,2212067,23.9,40.8,19.6,15.812069,10.7,32.9,33.7,22.712071,12,30.8,29.4,27.812073,6.4,19.1,28.8,45.712075,15.7,41.1,30.5,12.612077,18.6,47.9,20.8,12.712079,19.3,38.1,28.8,13.812081,10.8,30.4,29.5,29.312083,12.7,37.5,30.5,19.412085,9.5,25.2,32.4,3312086,18.5,27.7,24.9,28.812087,8.7,27.3,30.7,33.312089,8.6,32.7,30.4,28.212091,8.2,24.7,36.5,30.612093,25,38.4,25.2,11.412095,11.5,24.5,30.1,33.812097,13.2,31.9,34.3,20.512099,11.8,24.5,28,35.712101,11,33.1,32.5,23.412103,8.9,28.3,31.9,3112105,15.2,35.4,29.4,2012107,19.1,40.7,27.8,12.412109,5.4,21.4,29.4,43.712111,13.9,33.7,32.1,20.312113,8.4,27.2,36.3,28.112115,7.2,29.1,29.1,34.712117,5.7,21.7,34.3,38.212119,8.4,30.2,30.2,31.112121,18.5,39.3,27.5,14.712123,22.6,43.3,26.8,7.412125,23.1,37.9,30.7,8.312127,10,32.2,34.2,23.612129,12.1,35.9,33.6,18.412131,11.5,27.6,32.5,28.412133,18.8,41.5,28,11.713000,13.3,27.9,28.2,30.713001,25.5,38.3,26.5,9.713003,30.9,40.3,18.9,9.913005,18.5,41.9,29.6,10.113007,21.7,38.9,27.1,12.313009,15.6,36.4,27.1,20.913011,22.9,40.6,23.6,12.813013,17,34.4,31.1,17.613015,17,33,30.6,19.513017,17.3,44.2,26.4,1213019,21.9,42.3,23.9,11.813021,14.3,31.6,28.5,25.713023,12.4,41.7,28.7,17.213025,20,46.6,25.2,8.213027,17.2,38.1,29.5,15.213029,8.1,25.6,33.8,32.613031,13.1,27.3,32.2,27.413033,20.8,37.4,29.1,12.613035,20.8,44,23.8,11.413037,25.7,39.3,25.7,9.413039,8.2,31.5,35.8,24.513043,23.4,36.1,26.4,14.113045,16.3,33.2,30,20.613047,12.6,32.4,34.3,20.813049,26.7,39.1,23.7,10.513051,10.4,24.3,32.1,33.213053,7.2,25.9,33.6,33.413055,26.9,38.7,24.5,9.813057,8.6,22.8,31.6,3713059,12.9,21.1,23.3,42.713061,20.2,42.3,29.5,7.913063,15.3,32.9,32.3,19.513065,29.2,31.7,28,11.113067,8.2,18.7,26.6,46.513069,22.6,38.6,25.6,13.213071,26.2,39.4,22,12.513073,7.4,24.9,32.6,35.113075,20.1,34.4,30,15.513077,11.2,28.6,30.3,29.813079,16.5,39.4,33.8,10.313081,19.9,39.1,27.3,13.713083,20.9,35.8,29.5,13.913085,14,28.6,27.1,30.413087,18.4,36.1,30.9,14.613089,11,20.8,24.8,43.413091,16.8,42.3,27.3,13.713093,24.8,39.6,24.3,11.313095,17.5,29,32.1,21.413097,12,30.7,30.1,27.113099,19.9,36,28.5,15.613101,28.5,38.2,24.5,8.813103,12,37.8,30.1,20.113105,22.6,43.1,23.5,10.813107,20.8,42.9,23.9,12.413109,25.7,37.5,21.4,15.513111,13.3,34.3,31.2,21.313113,5.2,20.7,27.5,46.513115,19,33.1,27.5,20.413117,7.2,16.6,24.5,51.713119,20,40.1,26.3,13.513121,7.9,18.3,22.4,51.413123,18.1,36.4,25.4,2013125,22.6,42.1,26.2,913127,12.1,27,31.3,29.613129,22.3,35.2,28.1,14.413131,19.7,37.8,28.3,14.113133,16.8,33.6,23.7,25.813135,12.3,22.8,28.8,36.113137,21.8,33.7,25.8,18.713139,21.6,27.5,26.9,2413141,28.5,42.9,19.8,8.813143,19.3,36.6,30.1,1413145,9.2,23.5,37.4,29.913147,19.6,36.7,28.6,15.113149,20.7,43.5,26,9.813151,9.6,31.1,31,28.313153,9.1,27.2,36.4,27.313155,18.4,40.6,26.7,14.313157,16.3,32.3,30.4,2113159,21.4,38.9,28.9,10.813161,22.3,40.4,27.3,1013163,24.9,41.3,22.8,1113165,20.7,40.5,29.5,9.313167,22.8,44,22.8,10.413169,12.6,36.7,30.6,20.113171,13.3,40.1,29.5,17.113173,20.6,35.7,27.3,16.413175,14.9,43.4,26.2,15.613177,9.4,30.8,34.2,25.613179,9.1,32,40.6,18.313181,17.6,41.4,27.6,13.513183,14.8,31.5,38.1,15.513185,14.9,30,29.6,25.613187,16.3,29.2,28.3,26.213189,17.8,40.5,27.9,13.713191,13.7,38.1,32.6,15.613193,27.2,34.1,30.1,8.613195,16.7,38,27.2,1813197,23.1,38.1,25.8,13.113199,20.9,38.9,28.8,11.513201,17.7,38.1,31.9,12.313205,25.3,38.2,25.5,11.113207,15,33.9,24.8,26.313209,18.3,39,28.5,14.113211,13.5,34.8,30.9,20.813213,30.7,37.8,22.2,9.413215,12.7,27.3,33.9,26.213217,14.2,33.6,32.6,19.613219,5.5,19.6,23.7,51.113221,20.6,36.6,25.8,16.913223,9.9,33.1,32.8,24.113225,16,29,35.5,19.413227,15.1,29.1,32.1,23.713229,16.3,44,27.7,11.913231,13,40.9,30.1,15.913233,20.9,39.6,27.3,12.213235,19.6,37.5,30.5,12.413237,14.6,37.5,25.7,22.213239,32.4,34.3,24.2,9.113241,15.8,34,25.4,24.813243,24.2,37.2,27,11.713245,16.6,30.7,31.3,21.313247,11.8,31.5,30.2,26.513249,15.7,35.3,36.1,12.913251,16.9,42.7,26.2,14.213253,14.5,39.6,31.5,14.413255,18.1,39.4,26.1,16.413257,16.5,36.7,24.6,22.113259,28.4,42.2,18.2,11.213261,19.3,33.2,28.8,18.613263,19.5,44.3,24.1,1213265,28.8,47.8,16.4,713267,24.6,39.1,23.2,13.213269,21.8,37.5,29.5,11.213271,29.7,45.9,16.1,8.413273,23.4,31.9,32.4,12.313275,17.4,30.9,28.7,23.113277,18.2,34.5,30.8,16.513279,19.1,38.5,26.6,15.813281,10.8,30.8,32.2,26.213283,25.5,38.9,21.9,13.613285,17.1,34.3,30.1,18.513287,17.6,40.4,29.5,12.513289,29.2,37.6,23.8,9.413291,11.1,34.2,32.3,22.413293,20.1,35.9,30.3,13.713295,18.1,36.2,29.7,15.913297,12.7,37.8,29.6,19.913299,17.1,40.9,28.2,13.913301,26.5,42.4,17.7,13.413303,19.8,42.5,23.7,1413305,18.1,40.6,28.5,12.913307,22.5,44.8,21,11.713309,22,48.7,16.4,12.813311,14.9,31.6,32.1,21.413313,30.6,28.9,24.7,15.713315,17.7,48.4,22.5,11.413317,19.5,44.8,23.1,12.613319,15.5,52.3,21.6,10.613321,18.7,41.8,29.1,10.415000,8.2,27.7,31.7,32.515001,7.6,30.4,32.5,29.515003,8.3,26.2,31.1,34.315005,13,27.5,34.8,24.615007,8.2,30.1,32.2,29.515009,8,31.8,33.6,26.616000,9.4,27.7,35.9,26.916001,4.9,23,34.4,37.816003,10.4,37.7,32.9,19.116005,8.1,26.5,38.2,27.216007,6.2,38.8,34.7,20.316009,11.7,38.9,34.2,15.116011,12.5,30,36.8,20.716013,11.6,22.1,28.1,38.216015,6.3,27.4,39.2,27.216017,9.2,30.5,37.3,23.116019,8.3,26.1,35.5,30.116021,8,41.1,31.9,1916023,5,36.9,40,18.216025,6.4,38,36.1,19.516027,15.4,32,34.3,18.316029,7.8,32.6,39.8,19.916031,17.5,29.9,33.9,18.616033,39.2,23.6,21.6,15.516035,10.5,34.8,37.8,16.916037,10.6,29.8,36.5,2316039,10.6,28,44.9,16.416041,8.8,36.3,36.8,18.116043,12.3,32,34.8,20.916045,12.1,39.2,33.9,14.816047,20.2,37.2,27.4,15.216049,9.4,35.1,35.3,20.216051,10.9,27.7,38.8,22.616053,22.3,32.7,30.1,14.916055,7.5,27.1,40.4,24.916057,3.7,19.9,31.3,45.116059,7.8,32,39.1,21.116061,11.5,29.4,41.8,17.316063,20.6,34.6,34.7,10.116065,4.1,15.7,43.9,36.416067,21.6,29.6,35.5,13.416069,7.7,32.9,37.5,21.916071,9,37,38.5,15.516073,25,34.3,29.5,11.216075,15,33.7,37.1,14.216077,19.1,33.9,31,15.916079,14.4,38.5,35.5,11.616081,7.1,16.2,35.2,41.516083,12.2,27.9,39.3,20.616085,5.4,29.9,34.7,30.116087,14.1,36.5,34.6,14.817000,11.1,26.1,28.7,34.117001,7.4,34.5,33.3,24.817003,19.1,37.8,31.8,11.317005,10.3,36.8,31.1,21.817007,13.8,35.2,27.7,23.217009,15.7,36.8,33.7,13.717011,8.4,38.4,33.5,19.717013,9.4,43.6,33.4,13.617015,8.6,41.5,31.8,18.117017,16,43.2,26.2,14.617019,4.9,21.7,29,44.417021,11.2,41.9,30.3,16.617023,9.1,38.8,34.5,17.617025,10.1,37.2,37.6,15.217027,10.1,32.2,35.2,22.517029,9.5,30,34.9,25.617031,13.3,23.3,25.4,3817033,13.1,29.9,40.4,16.617035,10.4,40.1,33.8,15.817037,7.6,25.5,35.5,31.417039,8.9,36.9,32.8,21.317041,17.7,32.7,30.7,1917043,7.4,18.3,25.5,48.817045,10.8,38.3,34.1,16.717047,8.5,35.1,42.5,13.917049,7.4,36.4,33.8,22.517051,17,39.7,31.6,11.717053,10,36,33.8,20.217055,12.3,32.7,39.1,15.917057,11.9,34.6,35.9,17.617059,12,40.7,37.4,9.917061,12.1,44.4,31.1,12.417063,6.9,33,36.5,23.617065,11.5,33.8,36.4,18.317067,6.8,38.1,33.8,21.317069,18.9,32.9,37,11.217071,9.9,43.5,31.2,15.417073,9.8,33.8,33.7,22.617075,10.8,39.9,33.8,15.417077,7.8,23.7,32.5,3617079,10.7,40.2,31.6,17.517081,14,30.6,38,17.417083,8.3,37.5,33.8,20.517085,8.2,37.1,30.9,23.817087,17.8,31.5,34.2,16.517089,15.9,22.5,28.4,33.117091,12.1,33.6,33.3,2117093,7.9,23.4,33.3,35.417095,11.2,36.2,34.1,18.517097,9.4,21.1,24.4,4517099,11.3,35.6,35.1,17.917101,15.3,37,34.2,13.517103,11.2,34.2,37,17.717105,10.7,43.1,30.5,15.717107,11.1,35,33.6,20.417109,6.5,30.6,30.5,32.417111,7.2,26.2,33,33.717113,4.1,25.1,26,44.817115,9.7,34.4,33.3,22.517117,9,38.6,33.1,19.417119,7.9,30.7,35.6,25.817121,11.2,35.2,38.6,1517123,7.2,41.4,34.6,16.817125,11.2,44.2,29.3,15.417127,13.8,34.2,38.8,13.217129,6.6,36.7,33.6,23.117131,8.6,39.3,34.4,17.817133,4,29.2,34.3,32.517135,13.4,39.9,31.1,15.617137,8.3,40.7,31.1,19.917139,14.7,33.2,32.6,19.517141,10.1,33.6,36.2,2017143,9.6,27,33.1,30.417145,15.6,38.6,34.1,11.717147,6.4,34.1,31.6,27.917149,11.3,41.2,32.3,15.117151,14,34.4,38.1,13.417153,14.3,34.2,39.2,12.317155,7.7,38.5,39.2,14.617157,16.6,39.3,31.4,12.817159,12.2,29.9,36.7,21.317161,11.1,29.9,35.8,23.217163,9.2,28.6,34.9,27.317165,13.6,28.5,40.2,17.817167,7.6,27.9,30.3,34.217169,10.2,37.8,33.8,18.217171,7.4,48.7,29,1517173,7.8,44.9,30.5,16.917175,9.1,39.7,33.8,17.517177,7.1,36,37.7,19.317179,7.4,31.9,34.3,26.417181,12.3,33,32,22.817183,11.9,41.1,31.9,15.117185,9.5,30.8,42.6,17.217187,12.3,32.8,32,2317189,7.9,33.6,37.9,20.617191,11.6,36.3,37.5,14.617193,8.7,38.4,37.8,15.217195,9.7,37.1,34.8,18.517197,9.1,26.7,30.2,3417199,8.8,30.6,38,22.617201,12.3,32,33.1,22.617203,5.5,32.1,30.9,31.618000,11.4,33.5,29.1,25.918001,15.9,39.7,29,15.318003,10.7,28.7,32.4,28.218005,9.1,32.6,26,32.318007,10.5,43.2,29.4,16.918009,10.6,48.1,27.7,13.618011,6.4,21.3,23.9,48.318013,8.8,32.6,31.2,27.418015,10.8,40.7,31.2,17.218017,15.8,38.3,32,13.918019,10.8,34.2,34.1,20.918021,8.4,44.4,30.4,16.818023,13.8,44.1,25.5,16.618025,17.8,46.2,24.5,11.418027,26.8,33.8,25.7,13.818029,9.4,40.2,28.8,21.618031,9.1,43.8,27.5,19.618033,9.8,41.8,30.7,17.718035,10.7,34.6,30.5,24.318037,10,39.2,28.6,22.218039,18.8,35.2,26.8,19.218041,17.4,43,28,11.618043,9.7,30,30.7,29.518045,11.3,44.2,29.5,1518047,11.8,42.8,25.6,19.818049,12.6,40.3,32.7,14.418051,9.1,39.7,33.8,17.418053,13,40.6,29.3,17.118055,12.3,41.7,31.2,14.818057,3.6,15.3,23.3,57.818059,6.2,32.8,30.6,30.318061,11,40.1,31.6,17.418063,6.6,27.2,29.8,36.318065,10.4,43.9,29.1,16.618067,11.1,36.5,31.2,21.218069,9,42,30,1918071,13.4,43.5,27.5,15.518073,11.8,42.3,31.1,14.918075,15.2,47.2,27,10.618077,9.9,42.3,29.9,17.918079,14.6,45.9,28.5,11.118081,8,31,29.2,31.818083,11.7,35.8,36,16.418085,14.5,35.2,27.6,22.718087,36.3,32.4,20.9,10.418089,11.9,35,31,22.118091,11.7,39.3,31.1,17.918093,11.5,43.4,29.6,15.518095,11.9,39,31.1,1818097,14.3,28,27.3,30.418099,15.2,39,25.3,20.518101,14.5,43.2,28.9,13.418103,14.5,42.5,30.3,12.718105,7.8,21.9,24.7,45.618107,10.5,41.3,30.1,18.118109,12.3,40,30.8,16.918111,14.5,44.2,30.1,11.218113,15.9,40.7,29.2,14.318115,12.3,45.6,28.3,13.718117,16.7,45.1,25.9,12.318119,14.8,42.6,29.9,12.618121,13.1,43.4,31.2,12.218123,10.6,47,27.5,14.918125,12.8,42.6,30.8,13.718127,6.9,34.5,30.4,28.218129,6.7,38.4,34.1,20.718131,11.8,47,28.7,12.518133,10.8,43.8,29.3,16.118135,13.2,42.5,30,14.318137,10.6,43.5,27.8,18.118139,15.4,46,25.6,1318141,11.6,30.7,28.6,29.218143,16.1,44.2,27.8,11.918145,12,42.7,25.9,19.418147,9.9,44.9,30.3,14.918149,15.9,42.1,31.2,10.818151,9.9,38.3,31.2,20.618153,11.3,44.7,33.2,10.818155,16.9,48.6,24.6,9.918157,8.3,25,29,37.718159,11.6,41.1,24.3,2318161,11.4,48,23.7,16.918163,10.3,32.5,31,26.318165,9.7,44.2,32.8,13.418167,11.9,32.2,31.4,24.518169,11.7,42.5,27.4,18.418171,8.5,43.2,29.5,18.918173,7,31.4,32,29.618175,15.4,43.6,27.7,13.218177,13.2,38,30.5,18.218179,8.9,40,33,18.118181,11.4,41.4,30.5,16.818183,7.3,39.7,32.1,20.919000,8,31.1,32.6,28.219001,5.8,43.1,35.7,15.419003,5.9,39.1,37.3,17.719005,12.3,38.9,30.2,18.519007,9.1,37,36.7,17.119009,10.2,40.1,35.2,14.619011,6.1,36.3,34.9,22.619013,8.7,30.2,32.5,28.619015,5.7,32.3,37.2,24.819017,3.8,32.3,33.5,30.319019,5.9,38.9,34.6,20.619021,22.2,29.5,28.7,19.619023,7.3,37.8,37.4,17.519025,6,36.4,38.1,19.519027,6.5,36.3,35,22.219029,11.8,37.9,30.7,19.619031,5.1,35.9,36,2319033,6.9,30.8,39.6,22.719035,7.4,35.9,35.2,21.419037,7.7,43.5,31.8,16.919039,10.9,41.4,30.8,16.919041,6.5,34.1,36.8,22.619043,8.8,43.6,30.5,17.219045,8.9,37.2,34.8,19.119047,22.2,36,29,12.819049,4.7,18,28,49.419051,16.8,33.8,28.9,20.519053,11.3,37.6,27.6,23.519055,8.7,43.1,31.6,16.619057,8.4,32.8,38.2,20.519059,4.2,28.1,36.4,31.319061,7.6,33,29,30.519063,9.5,33.3,37,20.219065,7.9,38.9,33.4,19.819067,10.7,34,35.3,19.919069,9.4,36,36.9,17.719071,7.5,35.9,37.3,19.319073,6.3,39.5,34,20.119075,5.8,30.8,35.3,2819077,7.2,38.6,34.5,19.819079,6.5,31.4,37.8,24.319081,6.6,36.5,33.8,23.119083,8.4,34.4,37.5,19.819085,8.2,38,35,18.819087,7.1,37.7,35.2,20.119089,9.7,40.8,34.6,14.919091,7.8,35.9,35.4,20.819093,6.5,38.3,36.2,1919095,6.2,37.7,37,19.119097,7.7,41.9,31.6,18.819099,6.3,42.4,33.5,17.919101,7.3,27.7,33.4,31.619103,4.7,16.2,26.1,5319105,8.3,39.7,33.5,18.419107,7.5,41.2,33.2,18.219109,5.6,37.6,38.5,18.319111,7.8,41,35.5,15.719113,5.3,27.1,34.6,3319115,18.1,36.5,31.2,14.219117,7.2,41.6,34.2,1719119,9.4,36.5,32.7,21.419121,5.1,35.9,35.1,23.919123,8.8,38.8,30,22.319125,6.6,35.5,31.5,26.419127,16.4,34.1,30.6,1919129,6.6,34.6,35.1,23.719131,10.1,39.9,32.4,17.719133,7.6,39.7,36,16.719135,12,40.7,30.8,16.619137,9.9,37.1,35.5,17.519139,12.4,34.7,30.9,2219141,7.7,38,34.5,19.919143,10.9,38.5,32.4,18.119145,9.1,34.6,34.9,21.319147,6.5,29,39.5,2519149,7,33.8,38.1,2119151,8.6,38.6,38.1,14.719153,8.5,24.8,30.6,36.119155,10.5,33.1,35.2,21.219157,7,37.5,30.4,25.119159,7.7,38.9,32.8,20.619161,7.4,37.2,34.8,20.619163,7.1,29.9,31.2,31.919165,8.1,36.1,35.1,20.819167,9.2,31.4,31.4,28.119169,2.9,17.9,28,51.119171,9.1,40,34.8,16.119173,9.8,39.2,36.1,14.919175,9.8,36.3,36.8,17.219177,10.1,40.8,35,14.119179,12.1,35.7,34.3,1819181,4.3,30.4,33.6,31.719183,8.9,39.3,30.3,21.519185,11.1,44.7,31.2,1319187,9.2,34.1,37.1,19.619189,8.2,33.3,36.1,22.419191,5.3,32.7,32.2,29.719193,13.3,32.2,31.5,2319195,7.2,37.2,40,15.519197,8.2,35.9,38.3,17.720000,9.3,26,31.8,32.920001,8.1,34,37.5,20.420003,8.7,41.5,32.3,17.520005,7.6,37.6,32.9,21.920007,8.5,34.9,38.3,18.320009,11.4,32.4,37.8,18.420011,8.8,30.8,39.7,20.620013,7.4,36,34.8,21.820015,7.5,26.5,37,2920017,10.1,27.6,40.6,21.620019,12.7,35.6,35,16.820021,11,33.5,36.4,19.120023,6.5,30.2,37,26.320025,6.4,27.5,34.5,31.520027,7,29.8,36,27.220029,8.6,30.5,38.4,22.520031,6.7,33.4,37,22.920033,7.2,32.8,41.4,18.620035,10.1,30.7,39,20.120037,9.1,28.2,33.2,29.520039,8.7,32.5,35.3,23.520041,9.4,33.5,35,22.120043,10,36,34.7,19.320045,4.5,18,27.1,50.420047,15.7,27.3,39.1,17.920049,13.2,40.4,31.4,1520051,7.3,26.5,31.4,34.820053,8.8,34,36.9,20.420055,29.1,21.7,32.2,17.120057,28.5,24.9,29,17.620059,7.4,38.9,34.2,19.520061,6,26.1,46.1,21.920063,8.7,33.8,34.8,22.720065,8.8,35,29.9,26.220067,26.5,27.9,30.2,15.420069,22.9,22.3,33.8,2120071,12.8,29,29.2,2920073,8.4,34.6,37.4,19.620075,22.4,35.1,24.3,18.220077,9.6,40,33.3,17.120079,9,26.3,33.6,3120081,30.9,18.7,34.2,16.320083,9.4,20.7,41.5,28.420085,5.5,39.1,34,21.320087,6.5,40.4,31.2,21.920089,6,42.4,34.7,16.920091,4.1,14.4,26.2,55.320093,25.9,26.6,31.6,15.920095,6,31.8,38.1,24.220097,10.3,27.9,33.8,27.920099,12,32.6,37.6,17.820101,4.5,32.8,41.2,21.620103,8.1,28.7,31.6,31.720105,6.3,31.8,39.3,22.620107,11,38.5,34.5,1620109,8.3,29.4,44.7,17.620111,11.6,30.9,30.1,27.320113,8.7,27.3,35,2920115,9.1,30.9,34.9,25.120117,7.3,43.2,30.8,18.620119,17.5,29,33.3,20.120121,4.3,32.2,35.9,27.720123,4.3,32.7,37.8,25.320125,11.3,29.1,41.4,18.220127,10,37,32.8,20.120129,14.1,30.8,38,17.120131,6.6,38.8,30.1,24.520133,8.5,31.4,39.5,20.620135,9.1,33.7,38.3,18.920137,10.6,36.6,36.9,15.920139,8.8,39.2,33.4,18.620141,7.4,34.6,35,2320143,5.8,36.5,34.2,23.520145,12.3,29.6,39.3,18.820147,7.4,36.2,34.2,22.320149,5.3,29.2,31.1,34.520151,7.8,24.8,39.2,28.120153,5.2,30.4,39.3,25.120155,12.1,27.9,39.4,20.520157,4.8,32.4,38.2,24.520159,9.1,28.7,39,23.220161,4.2,18.5,31.2,4620163,10,31.3,34.8,2420165,11.1,26.8,38.9,23.120167,10.3,27.3,36.4,25.920169,9.2,31,33.5,26.220171,15.8,28.9,30.4,24.920173,10.7,26.2,32.2,30.920175,31.8,30.6,26.4,11.120177,8,31.3,29.9,30.820179,5.4,33.2,40,21.420181,7.3,31.9,41.7,19.120183,6.7,36.6,37.6,19.120185,9.6,30.3,36.3,23.920187,18.2,30.2,32.4,19.320189,20,28.6,39.2,12.220191,7.7,34.1,35.9,22.220193,4.9,25.5,44.2,25.520195,6.7,30.6,40,22.820197,4.8,34.6,37.3,23.320199,6.6,27.1,35.3,30.920201,9.3,37.6,32.8,20.320203,14,29.2,35.7,21.120205,12.7,35.2,37.7,14.420207,11.8,36.5,38.3,13.520209,20.9,32.6,29.1,17.421000,14.3,33,29.1,23.621001,21.5,38.7,23.5,16.321003,19,39.5,26.9,14.621005,11.3,36.8,31.7,20.321007,14.8,37.7,34.2,13.321009,17.1,41.6,25.2,1621011,22.9,42.1,22.7,12.421013,30.5,38.6,22,8.921015,7.2,27.9,33.3,31.621017,15,37.3,28.9,18.921019,11.5,32.5,35.8,20.221021,12.8,34.7,29.1,23.421023,15.1,44,27.1,13.721025,26.1,36.4,23.2,14.321027,17.8,44.6,26.6,11.121029,12,41.6,32.2,14.221031,21.9,42.7,22.8,12.621033,12.1,46,26.6,15.321035,10.9,32.4,27.6,2921037,9.2,29.9,27.3,33.521039,18.6,36.5,30.1,14.821041,22.2,42,26.9,8.821043,21.9,40.1,24.4,13.721045,25,38.4,23.3,13.321047,14,32.1,36.5,17.321049,14.6,34.8,30.6,20.121051,35.7,34.2,20.6,9.521053,26.9,38.8,24.1,10.121055,17,42.2,27.7,13.121057,18.9,41.6,26.4,13.121059,10,34.7,32.4,22.921061,21,42,26.3,10.821063,22,43.7,26,8.321065,25.3,45.5,19.3,9.921067,9.1,20,27.9,42.921069,21.5,38.3,27.6,12.721071,26.2,35.8,26.7,11.221073,11,30.6,28.7,29.821075,21.8,38.9,26.1,13.321077,18.9,46.4,23,11.621079,20.1,36.7,26.5,16.821081,13.5,48.7,24.2,13.621083,14.7,39.4,29.7,16.321085,19.9,41.7,28,10.421087,24.2,40.2,23.6,1221089,11.6,36.8,34.3,17.221091,15.1,42.8,31.2,1121093,9.5,30.3,37.1,2321095,28.4,34.7,26.1,10.821097,16.6,40.3,28.3,14.821099,24.4,40.4,23.4,11.821101,13.2,35.6,33.3,17.921103,15.8,42.1,30,12.221105,21.7,39.4,21.4,17.621107,13.5,41.5,29,1621109,25.7,42.6,19.6,12.221111,10,26.8,30.4,32.721113,13.3,30.3,26.9,29.521115,19.5,34.8,30.7,14.921117,10.3,28.7,30.6,30.421119,26.9,32.4,27.8,12.921121,27.7,37.9,21.3,13.121123,17.6,40.2,32.2,10.121125,18.9,40.6,27.1,13.421127,24.9,42.9,22.2,1021129,29.6,37.2,22.9,10.321131,29.8,38.6,21.9,9.721133,24.8,37.5,26.1,11.721135,26.3,40.2,22.5,1121137,21.8,43.8,23.4,11.121139,16.4,44.5,27.7,11.421141,15.7,43.7,25.5,1521143,12.1,41.2,30.8,15.921145,10.2,30.1,35.1,24.621147,25.4,42.7,24.9,6.921149,12.8,41.3,33.9,1221151,13,27.8,28.7,30.521153,30.9,32.7,26.8,9.721155,19.6,42.7,24.6,13.221157,12.2,37.7,31.3,18.821159,27.2,39.3,25.1,8.521161,14.4,37.7,29.1,18.921163,11.8,34.3,35.7,18.221165,23.7,43.8,21.2,11.321167,14.8,38.4,29.2,17.521169,23.1,37,26.8,13.121171,25.5,40.2,21.4,12.921173,15.4,40.8,27.5,16.321175,26.6,37.1,22.7,13.621177,19.4,43.2,26.2,11.121179,10.8,38.7,33.3,17.221181,22.6,42.5,24.7,10.221183,17.9,42.8,26,13.321185,6.1,21.3,30.4,42.221187,17.4,50,22.7,9.921189,30.9,37,16,16.221191,17.2,43.5,28,11.321193,23.2,34.8,29.6,12.321195,23.9,38.5,24.6,1321197,19.5,42,23.8,14.721199,18.1,37.6,28.9,15.321201,22,33.8,28.2,1621203,22.4,43.6,23.4,10.621205,16.4,29.5,27.4,26.621207,24.5,36.3,26.4,12.921209,9.6,30.5,31.4,28.621211,14.7,31,30,24.221213,14.1,44.7,27,14.221215,10.2,35.1,34.5,20.221217,14.2,39.5,27,19.221219,22.2,38.8,26.1,12.921221,12.6,31.3,39.1,16.921223,15.9,47.2,24.9,1221225,12.6,45.9,30.5,1121227,12.3,28.1,29,30.621229,16.7,42,23.5,17.721231,28.1,37.4,21.7,12.821233,18.6,46.1,25.5,9.821235,20.3,37.3,23.2,19.221237,30.1,37.8,24.4,7.621239,10.9,27.5,28.8,32.922000,15.2,34,27.1,23.722001,21.8,41.2,23.6,13.422003,20.1,42.9,24.3,12.722005,11.6,32.4,29.2,26.822007,26.4,43.7,19.6,10.222009,24.2,38.9,24.9,12.122011,15.3,38.1,29.1,17.522013,17.1,41.7,28.8,12.422015,10.7,29.5,34.2,25.622017,13.4,33.4,29.6,23.522019,13.5,33.8,30.8,21.922021,23.6,43.2,19,14.222023,18.1,38.8,31.5,11.622025,23.9,42.5,21.9,11.722027,18.8,41.4,25.1,14.722029,22.9,41.4,22.9,12.822031,17.6,42.8,25.4,14.222033,9.7,27.3,28.3,34.722035,31.5,38.8,21.2,8.522037,20.2,42.5,24.7,12.622039,25.3,39.8,22.1,12.822041,23.7,42.9,21.4,11.922043,18.3,43.5,29.8,8.422045,21.3,42.8,23.2,12.722047,21,40.4,24.1,14.522049,20.3,43.3,22.9,13.522051,14.6,31.2,28.1,26.122053,18.9,41.7,23.5,15.922055,12.5,30.2,25.2,32.122057,22.7,40.2,20.6,16.622059,22.8,41.8,23.2,12.222061,11.6,27.3,24.6,36.522063,14.4,39,28.3,18.322065,25.2,39,23.3,12.622067,20.3,44.2,22.5,1322069,13.5,35,33.7,17.822071,13.8,22.9,26.4,36.822073,13.7,33.9,28.2,24.322075,17.1,34.5,28.8,19.622077,19.7,40.2,24.8,15.222079,14.7,37.5,27.2,20.522081,20.6,40,25.5,13.922083,20.5,40.6,25.4,13.522085,14.7,46.4,25.8,13.122087,17.6,37.3,32.8,12.322089,10.5,34.8,30.5,24.222091,24.3,40,21.8,13.922093,14.7,42.9,28,14.322095,13.8,38,31.9,16.322097,23.9,40.9,21,14.222099,19.1,42,24.4,14.422101,18.7,50,20.8,10.622103,9.8,26.3,30.4,33.522105,16.7,37.8,26.1,19.422107,22.3,47.1,20.1,10.522109,21.5,38.6,24.1,15.822111,14.4,47.1,23.9,14.622113,21.6,41.9,22.3,14.222115,12.8,37.4,32.9,16.822117,22.7,42.8,22.8,11.722119,16.8,41.6,26.6,15.122121,15,38.8,25.6,20.622123,21.8,43.4,22.2,12.622125,18,35.7,24.2,22.222127,18.7,43.8,23.1,14.423000,7.7,31.8,29.6,30.923001,9.7,36.5,31.5,22.223003,12.5,37.2,31.3,18.923005,5,22.3,26.1,46.723007,7.4,37.2,30.1,25.423009,5.9,32.3,29.5,32.323011,8.3,32.9,31.8,27.123013,6.3,33.5,29.2,3123015,7.2,33.2,26.9,32.723017,8.9,43.3,28.8,1923019,8.4,33.6,30.9,27.123021,10,40.4,31.3,18.323023,5.9,30.1,28.5,35.523025,12.1,40.2,31.2,16.523027,7.6,32.6,30.3,29.623029,11.6,39,28.5,20.823031,7,30.6,31.1,31.424000,10,24.8,25.6,39.624001,10,41.9,29.8,18.324003,7.9,23.8,27.4,40.924005,8.9,26.2,26.3,38.624009,6.1,30.3,32.4,31.124011,16.1,40.7,26.4,16.924013,7.8,29.9,26.7,35.624015,11,37.7,28.5,22.824017,6.9,31.4,32.8,28.924019,13.1,39.4,26.7,20.824021,7.6,24.3,27.5,40.624023,10.7,43.8,25.4,20.124025,7.2,26.6,30.4,35.824027,4.5,14,20.2,61.424029,12,28.6,25.2,34.224031,8.7,13.3,18.9,5924033,13.5,25.7,28.2,32.724035,7.9,29.6,27.7,34.924037,10.2,30,28.4,31.524039,18.1,40.3,26,15.724041,9.4,25.6,26.4,38.624043,13.1,36.4,29.1,21.424045,11.9,32.5,28.8,26.824047,9.1,31.6,28.8,30.424510,15.1,29.9,23.8,31.225000,9.6,24.2,23.3,42.925001,4.5,24.3,28.4,42.825003,8.9,29.9,27.9,33.425005,15.1,29.9,27,2825007,4.5,24.3,27.1,44.225009,10.7,25.2,24.7,39.425011,6.9,28,27.9,37.225013,14.7,29.5,28.7,27.225015,5.6,23.6,24.3,46.525017,6.9,19.6,18.4,55.225019,4.7,18.4,25.2,51.725021,6.1,19.5,21.4,5325023,7.1,27.9,28.3,36.725025,14.5,22.4,18.3,44.825027,9.6,28.1,26.3,35.926000,9.5,29,32.9,28.626001,11.4,39.2,33.7,15.726003,10.8,44.3,27.5,17.426005,9.3,37.8,30.1,22.726007,8.4,33.5,40.7,17.526009,8.5,32,31.3,28.226011,12.6,42.3,33.4,11.826013,11.2,43.4,30.9,14.526015,7.3,37.8,34.7,20.126017,10.4,34.7,36,18.926019,6.5,31.8,32.4,29.326021,10.4,28.9,33,27.726023,10.9,41.3,33.6,14.226025,8.9,36.4,33.5,21.226027,12.1,33.2,35.6,19.126029,6.4,29.5,33,3126031,9.4,37.9,32.1,20.526033,10.2,35,33.8,2126035,15.3,38.2,34.4,12.126037,5.8,27,35.7,31.426039,11,33.8,36.5,18.826041,6.1,33.3,39.1,21.526043,5.2,33.8,34.5,26.526045,6.1,28,39.1,26.826047,6.2,24.5,35.6,33.726049,9.6,31.9,37.6,20.926051,13.3,39.6,33.3,13.826053,6.7,37.6,35.9,19.826055,4.8,24.4,35.7,35.126057,9.4,40.4,36.1,1426059,11.7,38.5,32.8,1726061,7.2,33.7,25.9,33.226063,11.1,42.2,31.3,15.526065,7.3,21.7,32.5,38.526067,9.9,39.6,34.4,16.126069,11.1,37.8,34.9,16.326071,8,43.8,29.4,18.826073,8.4,31.5,31,29.226075,9.4,33,36.3,21.426077,6.4,22,33.5,38.126079,13.3,41.4,33.5,11.926081,9.7,24.4,30.7,35.226083,3.9,32.8,32.8,30.426085,17,42.6,29.1,11.326087,9.3,35.7,37.2,17.826089,4.8,21.8,30.6,42.826091,9.2,37.1,32.8,20.926093,4.6,25.9,34.7,34.826095,12,38.5,33.2,16.326097,9.8,34.3,34.1,21.826099,10.3,29.7,35.4,24.526101,9.4,36.1,34.5,2026103,4.7,31.5,32.3,31.526105,7.6,33.5,35.7,23.226107,10.5,36.2,31.4,21.926109,7.6,42.8,32.9,16.726111,5.7,29,31.2,3426113,11.2,42,33.6,13.226115,8.8,36.1,36,19.126117,12.1,39.9,35,1326119,13.2,43.1,30.9,12.826121,9.2,34.5,37.3,19.126123,13.2,40.3,30.6,15.926125,6.1,18.8,28.7,46.426127,14.1,35.4,31.7,18.826129,14.5,39,34.5,12.126131,7.4,40.7,34.4,17.526133,11.8,44.3,30.1,13.826135,16.7,37.6,35,10.726137,7.9,33.9,34,24.226139,7.4,28.6,30.6,33.526141,10.9,39.4,32.4,17.326143,10.1,40.7,34.3,14.926145,10.5,33.6,34.8,21.126147,9.5,34.4,37.8,18.326149,12.9,38.2,33.2,15.726151,12.1,41.5,32.2,14.226153,9.9,44.3,30,15.826155,7.6,36.3,39,17.226157,10.7,41.7,34,13.626159,12.8,31.9,34.4,20.926161,4.8,14.9,25.1,55.226163,14.1,30,32.5,23.326165,10.5,36.8,34.8,17.927000,7,24.9,32.6,35.427001,9,37.7,35.8,17.427003,6.1,27.9,36.3,29.727005,7.4,32,36.2,24.527007,8.7,28.1,35.2,28.127009,7.6,31.1,38.8,22.627011,9.8,43.5,31.7,1527013,5.9,26.7,33.8,33.627015,7.4,37.6,34.6,20.427017,5.9,34.2,37.5,22.527019,3.6,19,29.3,48.127021,8.3,33.2,36.1,22.427023,9.3,35.9,35.7,19.127025,5.7,33.9,40,20.527027,5.1,25.4,36,33.527029,14.3,35,34.6,16.127031,3.4,22.9,31.3,42.427033,9.6,35.4,33.8,21.227035,6.3,30.3,39.1,24.327037,5.1,20.6,32.4,41.827039,5.2,34.7,35.8,24.427041,5,29.6,40,25.427043,8.4,38.2,35.5,17.827045,8.7,34,36.1,21.127047,10.1,37.3,35.8,16.727049,5.7,32.9,36.4,2527051,6.4,33.7,40.5,19.427053,6.8,16.7,27.3,49.227055,5.4,33.6,37.1,2427057,7.1,30.8,34.9,27.227059,8.3,33.8,40.2,17.727061,6.4,30.2,40.6,22.727063,6.9,34.2,36.9,2227065,9.6,40.2,35.6,14.627067,11.5,25.8,39.3,23.427069,6,38.1,32,23.927071,7.7,36,38.7,17.627073,7.3,36.8,36.8,19.127075,4,31.5,34.7,29.827077,8.4,39,33.3,19.327079,7.2,34.9,35.5,22.427081,8.7,38.3,34.7,18.427083,8,33.1,33.5,25.427085,7,36.4,38.7,17.927087,13.1,37.9,36.8,12.227089,11.4,36.7,32.8,1927091,7.3,38.1,34.5,20.127093,7.4,36.3,37.6,18.827095,10.2,38.1,36.4,15.327097,9.9,38.4,34.6,17.127099,13.1,31.6,33.7,21.727101,9.6,37.5,34.1,18.927103,5.8,26.7,35,32.627105,22.2,32.5,29.9,15.327107,8.7,38.3,34.6,18.427109,5.6,19.8,30.6,4427111,7.7,29.3,37.8,25.127113,7.5,33.8,38.7,20.127115,10.4,39.8,35.2,14.527117,12.4,34.6,31.7,21.427119,8.1,32.3,35.5,24.127121,6.5,32.6,39,21.927123,9.9,20.9,27.3,41.927125,6.6,38.4,38.1,16.927127,9.2,38.4,33.9,18.627129,10.8,36.3,38.5,14.427131,9.5,31,31.9,27.527133,8.2,33.5,35.3,2327135,7.3,34.9,38.5,19.327137,5.8,28,37.5,28.727139,5.2,22.6,32.8,39.327141,5.5,27.8,39.3,27.427143,9.1,39.2,35,16.727145,8,27.9,36.3,27.827147,8.4,34.3,32.3,2527149,6.8,29.2,34.7,29.327151,10.3,33.5,38.3,1827153,13,36.4,35.1,15.527155,8,34.6,40.4,1727157,7.8,34.5,35.7,21.927159,9.6,37.2,39.6,13.627161,6.9,35.8,36.8,20.527163,4,21.1,31.6,43.227165,16.6,41.2,26.9,15.327167,6.1,29.7,40.7,23.527169,7,27.4,35.8,29.827171,5.5,29.1,37,28.427173,8.7,35.5,39.7,16.128000,16.1,30.3,31.8,21.828001,21.6,34.6,26,17.828003,18.5,32.6,32.5,16.428005,20.3,40.7,25.9,13.128007,23.4,31.3,31.7,13.628009,30.1,33.9,25.6,10.328011,23.1,24.7,28.5,23.828013,22.9,37.1,28.6,11.328015,18.3,33.4,33.8,14.528017,27.7,37,22.9,12.428019,19.6,38,24.8,17.728021,22.6,30.5,27.8,19.128023,19,36.4,32.9,11.728025,18.4,33.9,27.6,20.128027,21.3,24.5,37.1,17.128029,20.1,33.2,32.6,14.228031,16.9,37.3,28.3,17.428033,10.3,29.7,35.9,24.128035,13,26.6,32.7,27.628037,15.7,35.1,33.9,15.328039,18.3,38.9,30.1,12.628041,22.9,35.6,32.9,8.628043,20,27.6,32.7,19.728045,13.4,27.2,36.3,23.228047,12.9,29.4,35.4,22.328049,13,24.8,33.1,29.128051,24.9,41.2,24,9.928053,28.8,32.8,24,14.428055,29.8,37.7,25.8,6.728057,21.5,30.2,34.8,13.428059,11.1,31.5,36.6,20.828061,16.9,37.2,31.4,14.528063,25.2,36.1,23.7,1528065,21.2,35.8,29.1,13.928067,16.7,30.5,32.2,20.528069,16.7,37.5,34.8,1128071,10.5,18.8,26.7,43.928073,9.2,23.5,32.1,35.228075,14.5,28.8,36.7,2028077,16.8,37.3,30.3,15.628079,22.7,36.6,27.9,12.828081,16.2,25,34.9,23.928083,21.2,36.5,24.8,17.528085,13.4,37.4,33.2,1628087,14.2,31.5,30.7,23.728089,8.2,16.6,27.6,47.728091,20.7,39.7,27.5,12.128093,18.7,40.1,27.5,13.728095,18.9,35.8,28.1,17.228097,20.5,34.3,24.9,20.428099,21.8,34,32,12.228101,15.3,30.5,37.5,16.628103,27.8,32.2,26.4,13.528105,9.5,20.4,26.6,43.528107,21.6,37.8,25.7,14.928109,16,29.9,37.7,16.428111,18.7,40.1,30.2,1128113,18.3,35.6,30.5,15.528115,23.4,30.3,30.4,15.928117,21.3,33.7,32.8,12.228119,29.4,30.2,29.1,11.428121,10.5,26.3,34,29.228123,25.7,35.5,26.1,12.728125,26.3,24.2,30.9,18.728127,22,33.2,32.2,12.628129,18.4,42,27.1,12.528131,19.7,34.1,31.7,14.528133,27.1,29.5,28,15.428135,31.1,31.6,25.9,11.428137,18.4,32.6,31.6,17.428139,22.4,35.9,26.2,15.528141,20.9,41,28.1,1028143,18.5,31.1,33.6,16.828145,22.2,31.6,31.5,14.828147,19.5,45.8,21.3,13.428149,12.8,31.2,32.7,23.328151,21.5,30.5,29.2,18.828153,21.3,37.7,24.9,1628155,15.4,36.8,30.5,17.328157,28,40.3,17.9,13.828159,20.2,32.5,30.7,16.628161,16.9,38.5,30.5,14.228163,22.7,37.2,25.5,14.629000,10.4,30.7,30.2,28.629001,9.4,35.8,24.8,3029003,8,38.1,30,23.829005,9.4,39.6,28.5,22.529007,14.5,46.4,24.6,14.529009,17.8,40.9,26.9,14.529011,12.8,42.8,26.4,18.129013,13.3,46.2,25.6,14.929015,14.1,40.8,31.6,13.429017,20.6,46.5,23.5,9.429019,5.8,21.2,27,4629021,11.8,37,30.5,20.729023,17.4,36,32.8,13.829025,9.8,43.2,28.7,18.329027,14.1,37.2,26.4,22.229029,10.9,37.7,29.7,21.829031,9.3,32.1,28.1,30.529033,13.5,45.2,24.3,1729035,16.9,37.3,29.3,16.529037,7.6,33.1,33.1,26.129039,15.6,40.2,28.9,15.329041,10,48.9,22.7,18.429043,8.1,30.4,33.3,28.229045,14.9,44,27.6,13.529047,6.8,28.8,31.6,32.729049,8.4,39.4,32.8,19.429051,8.1,30.7,28.3,32.929053,11,38.8,28.7,21.429055,22.9,39.3,26.5,11.229057,13.8,44.1,28.5,13.629059,18,42.1,27.5,12.429061,15.3,40.8,25.8,18.129063,12.9,45.4,26.4,15.329065,19.1,40.4,26,14.629067,18.6,44.5,26.4,10.529069,24.5,37.4,25,13.129071,12,32.8,35.2,20.129073,12.7,39.3,29.1,18.929075,10.8,43,28.1,1829077,8.4,28.2,33.3,30.229079,12.1,40,29.1,18.829081,12.8,45.8,25.2,16.229083,12.1,42.5,30,15.529085,15.1,43.4,31.4,1029087,9.1,43.9,27.1,19.829089,11.6,38.5,25.5,24.429091,12.7,39.6,31.2,16.529093,19.2,42.2,27.6,10.929095,9.7,28.4,31,30.929097,13,34.3,29.8,22.929099,11.2,31.8,36.9,20.229101,8,30.3,33.3,28.429103,12,46.1,26.2,15.829105,16.4,39.2,29.7,14.729107,9.4,43.2,27.4,20.129109,16.8,37,30.9,15.329111,13,45.9,27.1,1429113,11.7,42.2,30.2,15.929115,11,46,27.5,15.429117,14,38.7,27.9,19.329119,23.5,40.6,24.1,11.829121,12.4,44.4,27.5,15.729123,17.8,34.4,32.6,15.129125,13.6,40.3,32,14.129127,11.6,38.2,29.4,20.929129,10.2,46.9,24.9,1829131,13.4,43.1,26.8,16.629133,25.5,39.6,22.5,12.429135,15.8,42.3,22.9,1929137,10.5,48.3,28.3,12.829139,15.8,44.8,25.7,13.729141,20.7,40.1,26.4,12.929143,22,44.3,21,12.729145,13.3,34.4,32.6,19.729147,7.5,38.6,26.1,27.829149,18.2,40.2,29.4,12.229151,10.1,43.9,27.1,18.929153,17.1,44.6,26.1,12.229155,22.9,41.3,23.7,12.129157,12.5,44.7,26.8,1629159,14.9,34.5,32.2,18.429161,12.2,29.9,28.3,29.529163,16,45.1,22.8,16.129165,4.6,21.8,31.8,41.829167,12.5,37.1,30.1,20.329169,8.6,27.6,37.9,25.929171,10.7,41,29.4,18.929173,11.4,49,25.9,13.629175,13.7,35.4,35.7,15.329177,12.9,46,27.3,13.929179,21.4,41.3,26.2,11.129181,20,42,27.1,10.929183,5.3,25.1,31.8,37.829185,15.9,42.5,28.2,13.429186,11.3,40,30.9,17.729187,15.6,37.7,32.7,1429189,6.7,21.2,28.9,43.229195,15.9,39.4,26.7,1829197,14.4,46.9,27.1,11.629199,22.9,39,26.1,1229201,15.4,42.1,28,14.529203,19.2,42.5,22.6,15.829205,9.9,42.6,30.5,1729207,19.3,40.2,27.3,13.229209,13.5,33.1,35,18.429211,15.5,49.3,23.1,12.229213,11.3,34,36.2,18.429215,16.6,39.9,29.4,14.129217,11.5,41.9,29,17.72921