countyFIP,white percent,black percent,american indian percent,asian percent,pacific island percent,two or more percent1001,0.7673,0.1963,0.0048,0.0122,0.0011,0.01831003,0.8729,0.0894,0.0077,0.0115,0.0007,0.01781005,0.4907,0.4840,0.0066,0.0045,0.0018,0.01231007,0.7683,0.2129,0.0044,0.0024,0.0012,0.01081009,0.9588,0.0164,0.0065,0.0032,0.0012,0.01381011,0.2625,0.7070,0.0084,0.0019,0.0075,0.01271013,0.5225,0.4491,0.0038,0.0132,0.0005,0.01091015,0.7528,0.2114,0.0054,0.0096,0.0011,0.01971017,0.5706,0.4000,0.0031,0.0133,0.0004,0.01261019,0.9303,0.0426,0.0066,0.0034,0.0003,0.01681021,0.8710,0.1037,0.0057,0.0049,0.0017,0.01301023,0.5718,0.4170,0.0019,0.0018,0.0000,0.00751025,0.5343,0.4462,0.0053,0.0043,0.0002,0.00961027,0.8321,0.1407,0.0054,0.0024,0.0000,0.01941029,0.9498,0.0294,0.0049,0.0022,0.0007,0.01291031,0.7584,0.1771,0.0141,0.0164,0.0040,0.03011033,0.8060,0.1621,0.0066,0.0059,0.0007,0.01871035,0.5163,0.4627,0.0051,0.0021,0.0003,0.01341037,0.6689,0.3088,0.0060,0.0014,0.0017,0.01331039,0.8454,0.1261,0.0069,0.0047,0.0001,0.01681041,0.7279,0.2347,0.0063,0.0112,0.0004,0.01951043,0.9586,0.0134,0.0065,0.0067,0.0009,0.01401045,0.7378,0.2096,0.0080,0.0142,0.0021,0.02831047,0.2775,0.7046,0.0029,0.0058,0.0004,0.00871049,0.9271,0.0186,0.0203,0.0052,0.0064,0.02241051,0.7547,0.2146,0.0052,0.0071,0.0012,0.01731053,0.6202,0.3167,0.0387,0.0030,0.0006,0.02071055,0.8078,0.1570,0.0061,0.0083,0.0031,0.01771057,0.8566,0.1199,0.0047,0.0044,0.0000,0.01451059,0.9163,0.0455,0.0155,0.0034,0.0025,0.01681061,0.8722,0.0947,0.0103,0.0034,0.0007,0.01871063,0.1845,0.8013,0.0033,0.0027,0.0000,0.00831065,0.4066,0.5814,0.0025,0.0029,0.0001,0.00651067,0.7136,0.2628,0.0049,0.0037,0.0002,0.01471069,0.6906,0.2721,0.0054,0.0106,0.0009,0.02041071,0.9126,0.0359,0.0168,0.0059,0.0011,0.02781073,0.5316,0.4346,0.0029,0.0177,0.0006,0.01271075,0.8729,0.1059,0.0029,0.0010,0.0001,0.01721077,0.8698,0.1006,0.0045,0.0077,0.0006,0.01681079,0.7820,0.1094,0.0580,0.0023,0.0002,0.04801081,0.7057,0.2309,0.0037,0.0419,0.0009,0.01691083,0.8116,0.1385,0.0083,0.0160,0.0019,0.02371085,0.2592,0.7255,0.0037,0.0044,0.0004,0.00681087,0.1696,0.8073,0.0027,0.0061,0.0002,0.01421089,0.6885,0.2490,0.0081,0.0268,0.0012,0.02651091,0.4688,0.5137,0.0024,0.0030,0.0018,0.01011093,0.9403,0.0388,0.0042,0.0033,0.0006,0.01281095,0.9300,0.0302,0.0112,0.0073,0.0027,0.01851097,0.5920,0.3609,0.0094,0.0207,0.0004,0.01661099,0.5512,0.4123,0.0134,0.0047,0.0004,0.01791101,0.3594,0.5901,0.0034,0.0319,0.0010,0.01421103,0.8279,0.1305,0.0110,0.0070,0.0015,0.02211105,0.3054,0.6789,0.0026,0.0060,0.0004,0.00671107,0.5783,0.4022,0.0024,0.0034,0.0034,0.01041109,0.5748,0.3768,0.0071,0.0213,0.0009,0.01911111,0.7784,0.1949,0.0047,0.0039,0.0011,0.01701113,0.4996,0.4568,0.0062,0.0088,0.0028,0.02581115,0.8777,0.0945,0.0036,0.0089,0.0008,0.01461117,0.8284,0.1306,0.0039,0.0226,0.0006,0.01391119,0.2525,0.7179,0.0013,0.0202,0.0003,0.00771121,0.6432,0.3283,0.0041,0.0066,0.0003,0.01761123,0.7043,0.2715,0.0043,0.0062,0.0006,0.01311125,0.6461,0.3207,0.0033,0.0162,0.0007,0.01291127,0.9096,0.0617,0.0056,0.0061,0.0011,0.01601129,0.6617,0.2351,0.0786,0.0090,0.0011,0.01451131,0.2743,0.7128,0.0023,0.0024,0.0002,0.00811133,0.9618,0.0087,0.0087,0.0037,0.0020,0.01502013,0.2057,0.1155,0.1969,0.4336,0.0119,0.03642016,0.3337,0.0701,0.1178,0.4122,0.0236,0.04262020,0.6391,0.0611,0.0887,0.1009,0.0268,0.08342050,0.1030,0.0092,0.8379,0.0096,0.0024,0.03802060,0.4538,0.0103,0.3261,0.0137,0.0034,0.19272068,0.8290,0.0214,0.0529,0.0534,0.0005,0.04272070,0.1652,0.0074,0.7234,0.0090,0.0024,0.09262090,0.7571,0.0547,0.0791,0.0349,0.0055,0.06872100,0.7967,0.0065,0.1047,0.0105,0.0000,0.08162105,0.4872,0.0191,0.3770,0.0149,0.0005,0.10132110,0.6873,0.0145,0.1186,0.0703,0.0130,0.09632122,0.8327,0.0083,0.0796,0.0178,0.0032,0.05842130,0.6691,0.0106,0.1402,0.0841,0.0035,0.09252150,0.5520,0.0133,0.1281,0.2224,0.0096,0.07462158,0.0384,0.0087,0.9223,0.0049,0.0001,0.02552164,0.2376,0.0101,0.6150,0.0315,0.0032,0.10272170,0.8275,0.0128,0.0686,0.0175,0.0040,0.06962180,0.1566,0.0083,0.7548,0.0152,0.0016,0.06352185,0.3271,0.0157,0.5278,0.0607,0.0176,0.05122188,0.1201,0.0159,0.7929,0.0082,0.0023,0.06062195,0.7532,0.0230,0.1099,0.0326,0.0081,0.07332198,0.4699,0.0056,0.4296,0.0097,0.0047,0.08052220,0.6491,0.0101,0.1633,0.0812,0.0042,0.09222230,0.8598,0.0070,0.0514,0.0253,0.0035,0.05312240,0.7738,0.0199,0.1256,0.0236,0.0046,0.05252261,0.7245,0.0106,0.1422,0.0477,0.0057,0.06942275,0.6916,0.0048,0.1654,0.0332,0.0008,0.10432282,0.3593,0.0199,0.3957,0.0679,0.0132,0.14402290,0.2311,0.0098,0.6959,0.0039,0.0013,0.05804001,0.2237,0.0057,0.7495,0.0045,0.0004,0.01614003,0.8771,0.0462,0.0176,0.0227,0.0042,0.03224005,0.6567,0.0146,0.2759,0.0206,0.0018,0.03034007,0.7852,0.0084,0.1784,0.0094,0.0015,0.01714009,0.8173,0.0179,0.1363,0.0069,0.0021,0.01954011,0.9016,0.0210,0.0410,0.0095,0.0012,0.02574012,0.7651,0.0121,0.1819,0.0097,0.0014,0.02984013,0.8305,0.0625,0.0281,0.0460,0.0029,0.03004015,0.9178,0.0129,0.0302,0.0124,0.0025,0.02414017,0.5042,0.0101,0.4562,0.0069,0.0011,0.02154019,0.8489,0.0416,0.0433,0.0340,0.0023,0.02984021,0.8283,0.0519,0.0665,0.0192,0.0043,0.02984023,0.9570,0.0094,0.0141,0.0076,0.0015,0.01044025,0.9344,0.0088,0.0212,0.0118,0.0015,0.02234027,0.9120,0.0269,0.0227,0.0159,0.0025,0.02005001,0.7209,0.2487,0.0036,0.0083,0.0004,0.01805003,0.7260,0.2491,0.0071,0.0025,0.0010,0.01425005,0.9659,0.0040,0.0079,0.0052,0.0006,0.01635007,0.8867,0.0203,0.0188,0.0408,0.0072,0.02615009,0.9586,0.0043,0.0087,0.0069,0.0011,0.02045011,0.6872,0.2767,0.0152,0.0046,0.0005,0.01595013,0.7569,0.2136,0.0070,0.0028,0.0002,0.01955015,0.9309,0.0081,0.0132,0.0154,0.0107,0.02175017,0.4329,0.5431,0.0047,0.0075,0.0004,0.01145019,0.7259,0.2447,0.0065,0.0064,0.0005,0.01605021,0.9706,0.0077,0.0051,0.0020,0.0002,0.01445023,0.9668,0.0043,0.0075,0.0050,0.0004,0.01605025,0.8624,0.1159,0.0051,0.0016,0.0004,0.01465027,0.6113,0.3591,0.0059,0.0107,0.0004,0.01265029,0.8476,0.1145,0.0088,0.0046,0.0003,0.02425031,0.8014,0.1624,0.0054,0.0125,0.0006,0.01775033,0.9086,0.0161,0.0256,0.0165,0.0006,0.03265035,0.4345,0.5403,0.0038,0.0067,0.0006,0.01405037,0.7445,0.2289,0.0041,0.0076,0.0005,0.01455039,0.5597,0.4134,0.0063,0.0024,0.0006,0.01775041,0.4935,0.4805,0.0043,0.0063,0.0015,0.01405043,0.6947,0.2802,0.0055,0.0068,0.0003,0.01245045,0.8356,0.1217,0.0068,0.0131,0.0008,0.02215047,0.9455,0.0097,0.0143,0.0104,0.0020,0.01815049,0.9642,0.0067,0.0078,0.0033,0.0002,0.01785051,0.8704,0.0874,0.0076,0.0088,0.0007,0.02515053,0.9468,0.0279,0.0052,0.0041,0.0007,0.01535055,0.9520,0.0183,0.0061,0.0040,0.0040,0.01565057,0.6610,0.3021,0.0070,0.0055,0.0019,0.02255059,0.8547,0.1131,0.0064,0.0041,0.0007,0.02095061,0.7490,0.2101,0.0157,0.0056,0.0011,0.01855063,0.9408,0.0234,0.0081,0.0081,0.0023,0.01735065,0.9501,0.0207,0.0086,0.0052,0.0001,0.01525067,0.7896,0.1772,0.0073,0.0052,0.0020,0.01885069,0.4013,0.5713,0.0042,0.0087,0.0011,0.01355071,0.9174,0.0229,0.0117,0.0248,0.0013,0.02185073,0.6122,0.3628,0.0057,0.0052,0.0007,0.01335075,0.9642,0.0120,0.0059,0.0032,0.0004,0.01435077,0.4323,0.5418,0.0059,0.0059,0.0002,0.01395079,0.6732,0.3044,0.0053,0.0032,0.0001,0.01385081,0.7547,0.1984,0.0166,0.0047,0.0007,0.02485083,0.9298,0.0155,0.0116,0.0240,0.0002,0.01895085,0.8980,0.0635,0.0071,0.0094,0.0008,0.02135087,0.9426,0.0090,0.0169,0.0081,0.0050,0.01835089,0.9562,0.0056,0.0094,0.0067,0.0006,0.02155091,0.7136,0.2524,0.0084,0.0050,0.0007,0.01995093,0.6178,0.3570,0.0045,0.0049,0.0003,0.01545095,0.5633,0.4003,0.0070,0.0072,0.0000,0.02225097,0.9384,0.0081,0.0133,0.0160,0.0003,0.02395099,0.6639,0.3096,0.0041,0.0053,0.0002,0.01685101,0.9530,0.0058,0.0128,0.0040,0.0001,0.02435103,0.5668,0.4019,0.0047,0.0047,0.0004,0.02165105,0.9456,0.0203,0.0097,0.0033,0.0003,0.02095107,0.3575,0.6204,0.0036,0.0050,0.0001,0.01335109,0.9267,0.0341,0.0115,0.0077,0.0004,0.01965111,0.8910,0.0843,0.0041,0.0030,0.0004,0.01735113,0.9366,0.0063,0.0212,0.0103,0.0005,0.02505115,0.9215,0.0337,0.0095,0.0126,0.0009,0.02195117,0.8633,0.1175,0.0042,0.0014,0.0007,0.01295119,0.5746,0.3754,0.0045,0.0233,0.0005,0.02175121,0.9498,0.0102,0.0061,0.0041,0.0130,0.01685123,0.4398,0.5294,0.0079,0.0064,0.0007,0.01595125,0.8837,0.0806,0.0063,0.0134,0.0007,0.01545127,0.9099,0.0068,0.0270,0.0328,0.0005,0.02315129,0.9511,0.0054,0.0157,0.0040,0.0003,0.02355131,0.8196,0.0692,0.0241,0.0474,0.0021,0.03775133,0.8813,0.0415,0.0333,0.0064,0.0110,0.02665135,0.9545,0.0092,0.0100,0.0055,0.0007,0.02015137,0.9628,0.0043,0.0093,0.0047,0.0004,0.01855139,0.6408,0.3289,0.0054,0.0072,0.0006,0.01715141,0.9619,0.0064,0.0100,0.0037,0.0002,0.01785143,0.8664,0.0367,0.0156,0.0268,0.0259,0.02865145,0.9183,0.0457,0.0066,0.0085,0.0007,0.02025147,0.7088,0.2627,0.0057,0.0028,0.0008,0.01935149,0.9407,0.0196,0.0109,0.0131,0.0007,0.01506001,0.4974,0.1116,0.0108,0.3175,0.0095,0.05336003,0.6994,0.0009,0.2389,0.0200,0.0000,0.04096005,0.8966,0.0269,0.0232,0.0174,0.0026,0.03326007,0.8591,0.0181,0.0248,0.0494,0.0029,0.04586009,0.9121,0.0098,0.0194,0.0173,0.0025,0.03886011,0.9119,0.0125,0.0277,0.0165,0.0059,0.02556013,0.6550,0.0954,0.0102,0.1802,0.0058,0.05356015,0.7837,0.0354,0.0932,0.0314,0.0020,0.05436017,0.8886,0.0105,0.0133,0.0470,0.0023,0.03836019,0.7670,0.0582,0.0297,0.1105,0.0028,0.03196021,0.8915,0.0136,0.0316,0.0310,0.0018,0.03056023,0.8337,0.0144,0.0632,0.0286,0.0033,0.05686025,0.9006,0.0337,0.0250,0.0214,0.0020,0.01736027,0.8004,0.0117,0.1349,0.0165,0.0017,0.03506029,0.8232,0.0625,0.0264,0.0536,0.0028,0.03156031,0.8101,0.0725,0.0317,0.0452,0.0035,0.03716033,0.8722,0.0205,0.0440,0.0138,0.0031,0.04656035,0.8112,0.0830,0.0427,0.0155,0.0090,0.03856037,0.7077,0.0897,0.0144,0.1536,0.0037,0.03106039,0.8600,0.0425,0.0443,0.0249,0.0029,0.02546041,0.8546,0.0282,0.0099,0.0649,0.0026,0.03986043,0.8939,0.0126,0.0340,0.0172,0.0019,0.04046045,0.8617,0.0109,0.0632,0.0222,0.0025,0.03956047,0.8202,0.0398,0.0252,0.0791,0.0038,0.03196049,0.8831,0.0136,0.0500,0.0129,0.0033,0.03716051,0.9038,0.0081,0.0299,0.0220,0.0034,0.03286053,0.8273,0.0349,0.0261,0.0677,0.0062,0.03796055,0.8381,0.0246,0.0125,0.0878,0.0041,0.03296057,0.9338,0.0060,0.0126,0.0142,0.0020,0.03146059,0.7152,0.0213,0.0103,0.2138,0.0039,0.03556061,0.8433,0.0188,0.0107,0.0804,0.0027,0.04426063,0.9078,0.0102,0.0314,0.0116,0.0015,0.03746065,0.7975,0.0723,0.0191,0.0709,0.0045,0.03576067,0.6299,0.1087,0.0154,0.1692,0.0128,0.06406069,0.8787,0.0152,0.0308,0.0361,0.0044,0.03496071,0.7674,0.0942,0.0207,0.0776,0.0048,0.03546073,0.7546,0.0553,0.0132,0.1259,0.0059,0.04526075,0.5292,0.0557,0.0074,0.3591,0.0045,0.04406077,0.6649,0.0831,0.0198,0.1704,0.0080,0.05406079,0.8879,0.0205,0.0140,0.0399,0.0019,0.03586081,0.6004,0.0274,0.0088,0.3014,0.0151,0.04696083,0.8541,0.0243,0.0215,0.0603,0.0026,0.03726085,0.5306,0.0284,0.0120,0.3831,0.0046,0.04136087,0.8713,0.0144,0.0186,0.0519,0.0020,0.04186089,0.8785,0.0120,0.0317,0.0308,0.0022,0.04486091,0.9317,0.0064,0.0251,0.0074,0.0013,0.02816093,0.8606,0.0148,0.0509,0.0157,0.0035,0.05446095,0.5971,0.1482,0.0127,0.1615,0.0102,0.07036097,0.8682,0.0205,0.0219,0.0456,0.0041,0.03976099,0.8346,0.0346,0.0199,0.0608,0.0092,0.04106101,0.7284,0.0273,0.0236,0.1699,0.0040,0.04686103,0.9030,0.0100,0.0336,0.0143,0.0023,0.03696105,0.8700,0.0069,0.0522,0.0144,0.0022,0.05426107,0.8819,0.0220,0.0276,0.0399,0.0023,0.02636109,0.9034,0.0203,0.0230,0.0139,0.0029,0.03656111,0.8410,0.0238,0.0187,0.0787,0.0029,0.03496113,0.7424,0.0299,0.0179,0.1502,0.0057,0.05386115,0.7829,0.0438,0.0292,0.0751,0.0051,0.06388001,0.8602,0.0394,0.0228,0.0437,0.0022,0.03178003,0.8727,0.0212,0.0530,0.0164,0.0025,0.03428005,0.7673,0.1137,0.0115,0.0647,0.0029,0.03998007,0.9197,0.0078,0.0347,0.0120,0.0013,0.02468009,0.9384,0.0109,0.0195,0.0039,0.0000,0.02738011,0.8514,0.0789,0.0349,0.0141,0.0012,0.01968013,0.9020,0.0117,0.0085,0.0495,0.0007,0.02768014,0.8801,0.0151,0.0079,0.0672,0.0013,0.02848015,0.9395,0.0174,0.0163,0.0087,0.0008,0.01738017,0.9536,0.0091,0.0128,0.0091,0.0005,0.01498019,0.9441,0.0112,0.0119,0.0101,0.0006,0.02218021,0.9170,0.0094,0.0396,0.0100,0.0018,0.02228023,0.8817,0.0204,0.0533,0.0152,0.0026,0.02698025,0.8242,0.1069,0.0347,0.0123,0.0002,0.02198027,0.9447,0.0149,0.0119,0.0052,0.0002,0.02308029,0.9491,0.0081,0.0134,0.0084,0.0009,0.02008031,0.8080,0.0983,0.0180,0.0410,0.0020,0.03288033,0.9354,0.0039,0.0323,0.0024,0.0010,0.02518035,0.8996,0.0154,0.0051,0.0519,0.0010,0.02708037,0.9439,0.0156,0.0136,0.0131,0.0010,0.01278039,0.9445,0.0135,0.0084,0.0113,0.0020,0.02038041,0.8330,0.0693,0.0137,0.0313,0.0039,0.04888043,0.9125,0.0393,0.0182,0.0097,0.0007,0.01968045,0.9390,0.0124,0.0169,0.0093,0.0018,0.02048047,0.9342,0.0121,0.0134,0.0158,0.0025,0.02218049,0.9506,0.0103,0.0091,0.0086,0.0018,0.01958051,0.9398,0.0071,0.0258,0.0081,0.0002,0.01908053,0.9420,0.0062,0.0136,0.0074,0.0000,0.03088055,0.8897,0.0132,0.0520,0.0096,0.0028,0.03288057,0.9500,0.0014,0.0264,0.0071,0.0000,0.01508059,0.9170,0.0141,0.0120,0.0306,0.0012,0.02528061,0.9646,0.0065,0.0087,0.0022,0.0036,0.01458063,0.9534,0.0081,0.0116,0.0066,0.0021,0.01838065,0.9305,0.0105,0.0268,0.0068,0.0005,0.02498067,0.8839,0.0061,0.0749,0.0076,0.0008,0.02678069,0.9271,0.0115,0.0103,0.0239,0.0010,0.02628071,0.9031,0.0219,0.0368,0.0121,0.0013,0.02498073,0.8973,0.0556,0.0150,0.0098,0.0009,0.02148075,0.9174,0.0383,0.0172,0.0099,0.0012,0.01618077,0.9400,0.0094,0.0153,0.0100,0.0013,0.02398079,0.9626,0.0026,0.0116,0.0052,0.0000,0.01808081,0.9455,0.0078,0.0157,0.0074,0.0008,0.02278083,0.8214,0.0051,0.1406,0.0065,0.0011,0.02528085,0.9428,0.0073,0.0184,0.0086,0.0020,0.02098087,0.9162,0.0375,0.0186,0.0083,0.0032,0.01618089,0.9015,0.0175,0.0374,0.0096,0.0021,0.03198091,0.9611,0.0008,0.0089,0.0079,0.0017,0.01978093,0.9420,0.0087,0.0126,0.0105,0.0004,0.02588095,0.9631,0.0105,0.0096,0.0051,0.0012,0.01058097,0.9495,0.0105,0.0048,0.0187,0.0012,0.01538099,0.9466,0.0089,0.0196,0.0048,0.0004,0.01978101,0.9016,0.0258,0.0312,0.0108,0.0018,0.02888103,0.9364,0.0125,0.0159,0.0066,0.0011,0.02758105,0.9252,0.0102,0.0345,0.0063,0.0007,0.02318107,0.9582,0.0092,0.0063,0.0092,0.0010,0.01608109,0.9139,0.0111,0.0352,0.0088,0.0004,0.03058111,0.9514,0.0013,0.0092,0.0079,0.0000,0.03028113,0.9512,0.0087,0.0136,0.0092,0.0006,0.01688115,0.9396,0.0096,0.0117,0.0143,0.0022,0.02268117,0.9504,0.0127,0.0082,0.0129,0.0012,0.01478119,0.9406,0.0095,0.0137,0.0098,0.0012,0.02538121,0.9623,0.0124,0.0039,0.0041,0.0012,0.01618123,0.9261,0.0155,0.0161,0.0178,0.0016,0.02298125,0.9665,0.0060,0.0088,0.0054,0.0021,0.01139001,0.7868,0.1272,0.0052,0.0582,0.0011,0.02159003,0.7524,0.1566,0.0056,0.0585,0.0012,0.02569005,0.9356,0.0228,0.0033,0.0205,0.0007,0.01709007,0.8895,0.0549,0.0028,0.0315,0.0007,0.02069009,0.7763,0.1496,0.0054,0.0431,0.0010,0.02469011,0.8359,0.0698,0.0118,0.0438,0.0014,0.03739013,0.8897,0.0376,0.0027,0.0493,0.0008,0.02009015,0.9205,0.0320,0.0070,0.0149,0.0008,0.024810001,0.6622,0.2677,0.0074,0.0239,0.0013,0.037510003,0.6503,0.2611,0.0046,0.0576,0.0007,0.025710005,0.8289,0.1231,0.0111,0.0135,0.0020,0.021411001,0.4561,0.4643,0.0061,0.0442,0.0014,0.027912001,0.6986,0.2059,0.0036,0.0626,0.0008,0.028612003,0.8299,0.1401,0.0044,0.0071,0.0003,0.018212005,0.8170,0.1168,0.0083,0.0228,0.0016,0.033512007,0.7674,0.2005,0.0050,0.0060,0.0005,0.020512009,0.8324,0.1073,0.0046,0.0264,0.0013,0.027912011,0.6322,0.3009,0.0041,0.0389,0.0012,0.022712013,0.8216,0.1321,0.0133,0.0080,0.0014,0.023712015,0.9045,0.0600,0.0040,0.0142,0.0006,0.016712017,0.9300,0.0315,0.0043,0.0168,0.0004,0.016912019,0.8060,0.1232,0.0056,0.0317,0.0016,0.031812021,0.8929,0.0741,0.0048,0.0155,0.0010,0.011712023,0.7780,0.1846,0.0058,0.0106,0.0009,0.020212027,0.8423,0.1262,0.0110,0.0060,0.0017,0.012812029,0.8740,0.0983,0.0058,0.0041,0.0002,0.017612031,0.6080,0.3057,0.0045,0.0506,0.0012,0.029912033,0.6892,0.2321,0.0090,0.0341,0.0018,0.033912035,0.8395,0.1074,0.0040,0.0260,0.0009,0.022212037,0.8406,0.1240,0.0100,0.0049,0.0008,0.019912039,0.4165,0.5577,0.0058,0.0073,0.0014,0.011312041,0.9120,0.0560,0.0068,0.0058,0.0012,0.018112043,0.7883,0.1383,0.0519,0.0071,0.0010,0.013412045,0.7982,0.1704,0.0066,0.0048,0.0002,0.019712047,0.6295,0.3284,0.0106,0.0082,0.0003,0.023112049,0.8844,0.0747,0.0117,0.0113,0.0011,0.016812051,0.8363,0.1206,0.0203,0.0098,0.0020,0.011012053,0.8980,0.0598,0.0049,0.0144,0.0009,0.022012055,0.8544,0.1049,0.0066,0.0156,0.0010,0.017512057,0.7428,0.1784,0.0052,0.0443,0.0013,0.027912059,0.8899,0.0675,0.0104,0.0067,0.0018,0.023712061,0.8691,0.0948,0.0044,0.0158,0.0005,0.015412063,0.6920,0.2685,0.0088,0.0076,0.0029,0.020212065,0.6308,0.3431,0.0041,0.0064,0.0003,0.015312067,0.8389,0.1350,0.0081,0.0030,0.0011,0.013912069,0.8355,0.1133,0.0061,0.0226,0.0019,0.020712071,0.8679,0.0908,0.0050,0.0176,0.0011,0.017512073,0.6187,0.3167,0.0034,0.0376,0.0007,0.022912075,0.8712,0.0938,0.0073,0.0075,0.0009,0.019312077,0.7701,0.1956,0.0119,0.0045,0.0005,0.017412079,0.5947,0.3778,0.0071,0.0049,0.0003,0.015212081,0.8616,0.0914,0.0051,0.0227,0.0009,0.018312083,0.8214,0.1347,0.0052,0.0180,0.0009,0.019812085,0.9014,0.0575,0.0093,0.0148,0.0018,0.015212086,0.7884,0.1795,0.0028,0.0166,0.0005,0.012312087,0.8928,0.0686,0.0052,0.0143,0.0010,0.018112089,0.9060,0.0605,0.0050,0.0102,0.0008,0.017412091,0.8112,0.1034,0.0073,0.0326,0.0023,0.043212093,0.8679,0.0905,0.0156,0.0102,0.0014,0.014312095,0.6811,0.2270,0.0057,0.0570,0.0020,0.027212097,0.7938,0.1385,0.0081,0.0290,0.0026,0.028012099,0.7484,0.1970,0.0059,0.0293,0.0011,0.018312101,0.8793,0.0647,0.0048,0.0270,0.0010,0.023212103,0.8261,0.1105,0.0039,0.0359,0.0012,0.022412105,0.7892,0.1612,0.0067,0.0194,0.0011,0.022412107,0.8036,0.1638,0.0072,0.0067,0.0014,0.017412109,0.8878,0.0554,0.0032,0.0319,0.0009,0.020912111,0.7406,0.2099,0.0056,0.0198,0.0011,0.023012113,0.8705,0.0646,0.0088,0.0215,0.0017,0.032912115,0.9153,0.0478,0.0032,0.0178,0.0006,0.015312117,0.7894,0.1292,0.0044,0.0487,0.0012,0.027112119,0.9012,0.0746,0.0040,0.0095,0.0007,0.009912121,0.8413,0.1278,0.0075,0.0069,0.0009,0.015712123,0.7638,0.1962,0.0098,0.0085,0.0006,0.021212125,0.7428,0.2265,0.0053,0.0074,0.0004,0.017512127,0.8390,0.1139,0.0047,0.0201,0.0008,0.021612129,0.8316,0.1310,0.0074,0.0074,0.0009,0.021612131,0.8971,0.0524,0.0081,0.0138,0.0016,0.026912133,0.8044,0.1486,0.0136,0.0059,0.0034,0.024013001,0.7726,0.1963,0.0056,0.0084,0.0021,0.015113003,0.7717,0.1711,0.0149,0.0089,0.0104,0.022913005,0.8035,0.1669,0.0041,0.0067,0.0018,0.017013007,0.5230,0.4489,0.0049,0.0110,0.0006,0.011613009,0.5404,0.4260,0.0033,0.0169,0.0008,0.012713011,0.9367,0.0285,0.0066,0.0111,0.0011,0.016113013,0.8058,0.1245,0.0053,0.0394,0.0010,0.023913015,0.8490,0.1130,0.0058,0.0107,0.0010,0.020513017,0.6100,0.3611,0.0064,0.0088,0.0005,0.013213019,0.8605,0.1099,0.0040,0.0122,0.0007,0.012613021,0.4029,0.5553,0.0028,0.0220,0.0012,0.015813023,0.7078,0.2664,0.0022,0.0104,0.0002,0.013013025,0.9369,0.0365,0.0050,0.0029,0.0002,0.018613027,0.6168,0.3494,0.0040,0.0106,0.0023,0.017013029,0.7909,0.1484,0.0055,0.0216,0.0015,0.032013031,0.6660,0.2961,0.0040,0.0135,0.0011,0.019413033,0.4992,0.4741,0.0043,0.0058,0.0012,0.015513035,0.6876,0.2870,0.0036,0.0062,0.0002,0.015313037,0.3630,0.6096,0.0047,0.0072,0.0033,0.012113039,0.7516,0.1916,0.0066,0.0151,0.0022,0.032813043,0.7215,0.2468,0.0029,0.0133,0.0019,0.013713045,0.7661,0.1956,0.0056,0.0099,0.0009,0.021913047,0.9325,0.0286,0.0044,0.0139,0.0017,0.018913049,0.6538,0.2931,0.0256,0.0088,0.0007,0.018013051,0.5327,0.4102,0.0036,0.0292,0.0013,0.022913053,0.6989,0.2022,0.0134,0.0304,0.0094,0.045813055,0.8670,0.1000,0.0045,0.0054,0.0033,0.019813057,0.8778,0.0741,0.0054,0.0201,0.0010,0.021613059,0.6458,0.2846,0.0040,0.0426,0.0014,0.021713061,0.3769,0.6055,0.0038,0.0048,0.0010,0.008013063,0.1961,0.7215,0.0058,0.0519,0.0012,0.023613065,0.6968,0.2736,0.0087,0.0036,0.0011,0.016213067,0.6260,0.2868,0.0050,0.0556,0.0007,0.025913069,0.6854,0.2855,0.0055,0.0091,0.0006,0.013913071,0.7270,0.2365,0.0126,0.0092,0.0018,0.013013073,0.7349,0.1843,0.0041,0.0423,0.0019,0.032513075,0.6950,0.2786,0.0040,0.0076,0.0006,0.014113077,0.7687,0.1843,0.0041,0.0217,0.0010,0.020213079,0.7582,0.2075,0.0066,0.0119,0.0007,0.015113081,0.5233,0.4465,0.0032,0.0140,0.0009,0.012113083,0.9569,0.0124,0.0059,0.0100,0.0007,0.014113085,0.9619,0.0092,0.0049,0.0087,0.0006,0.014713087,0.5442,0.4266,0.0082,0.0062,0.0014,0.013413089,0.3578,0.5492,0.0047,0.0657,0.0007,0.021913091,0.6717,0.3021,0.0046,0.0054,0.0018,0.014413093,0.4785,0.5002,0.0027,0.0072,0.0007,0.010713095,0.2633,0.7088,0.0027,0.0101,0.0021,0.013013097,0.4670,0.4843,0.0047,0.0171,0.0017,0.025313099,0.4635,0.5136,0.0057,0.0072,0.0006,0.009513101,0.8835,0.0573,0.0303,0.0053,0.0025,0.021313103,0.8215,0.1408,0.0045,0.0113,0.0013,0.020613105,0.6820,0.2889,0.0045,0.0106,0.0005,0.013513107,0.6276,0.3485,0.0046,0.0072,0.0007,0.011413109,0.6515,0.3141,0.0054,0.0128,0.0035,0.012613111,0.9684,0.0084,0.0046,0.0067,0.0005,0.011513113,0.6747,0.2427,0.0045,0.0534,0.0012,0.023513115,0.8047,0.1489,0.0077,0.0166,0.0028,0.019313117,0.7896,0.0414,0.0050,0.1450,0.0007,0.018313119,0.8678,0.0973,0.0042,0.0122,0.0007,0.017713121,0.4558,0.4454,0.0028,0.0747,0.0003,0.020913123,0.9556,0.0133,0.0070,0.0072,0.0049,0.012013125,0.8888,0.0905,0.0050,0.0020,0.0007,0.013013127,0.6893,0.2690,0.0050,0.0161,0.0019,0.018813129,0.9177,0.0436,0.0061,0.0124,0.0036,0.016613131,0.6654,0.2968,0.0126,0.0066,0.0029,0.015613133,0.6314,0.3389,0.0058,0.0103,0.0014,0.012213135,0.5451,0.2934,0.0085,0.1237,0.0011,0.028413137,0.9051,0.0409,0.0103,0.0236,0.0029,0.017113139,0.8712,0.0806,0.0084,0.0209,0.0020,0.016813141,0.2627,0.7115,0.0057,0.0101,0.0002,0.009713143,0.9240,0.0473,0.0037,0.0082,0.0005,0.016413145,0.7963,0.1673,0.0050,0.0114,0.0014,0.018613147,0.7788,0.1914,0.0021,0.0108,0.0003,0.016513149,0.8698,0.0982,0.0051,0.0054,0.0002,0.021513151,0.4690,0.4661,0.0036,0.0344,0.0013,0.025513153,0.6095,0.3230,0.0048,0.0320,0.0020,0.028713155,0.6972,0.2805,0.0019,0.0083,0.0003,0.011813157,0.8843,0.0726,0.0037,0.0204,0.0007,0.018413159,0.7742,0.1998,0.0048,0.0028,0.0001,0.018213161,0.8202,0.1519,0.0083,0.0069,0.0011,0.011613163,0.4514,0.5287,0.0023,0.0064,0.0008,0.010413165,0.5444,0.4330,0.0046,0.0060,0.0023,0.009713167,0.6390,0.3422,0.0043,0.0043,0.0003,0.009913169,0.7257,0.2511,0.0035,0.0063,0.0002,0.013213171,0.6651,0.3064,0.0038,0.0077,0.0004,0.016613173,0.7273,0.2219,0.0102,0.0126,0.0004,0.027813175,0.5996,0.3729,0.0036,0.0114,0.0002,0.012313177,0.7337,0.2201,0.0032,0.0285,0.0009,0.013613179,0.4723,0.4445,0.0072,0.0218,0.0063,0.047913181,0.6800,0.2915,0.0054,0.0047,0.0006,0.017813183,0.6644,0.2706,0.0081,0.0132,0.0046,0.039113185,0.5803,0.3706,0.0046,0.0208,0.0016,0.022213187,0.9483,0.0176,0.0074,0.0075,0.0014,0.017813189,0.5547,0.4165,0.0043,0.0052,0.0009,0.018313191,0.6354,0.3381,0.0063,0.0045,0.0011,0.014613193,0.3638,0.6028,0.0057,0.0149,0.0014,0.011413195,0.8653,0.0930,0.0042,0.0196,0.0003,0.017613197,0.6403,0.3170,0.0101,0.0086,0.0071,0.017013199,0.5823,0.3900,0.0052,0.0059,0.0004,0.016313201,0.6922,0.2828,0.0042,0.0056,0.0004,0.014813205,0.4914,0.4812,0.0063,0.0090,0.0007,0.011413207,0.7440,0.2273,0.0039,0.0103,0.0004,0.014113209,0.7209,0.2576,0.0013,0.0064,0.0002,0.013613211,0.7474,0.2226,0.0066,0.0068,0.0004,0.016213213,0.9569,0.0122,0.0099,0.0058,0.0029,0.012313215,0.4556,0.4781,0.0051,0.0279,0.0025,0.030813217,0.4953,0.4665,0.0046,0.0118,0.0011,0.020813219,0.8872,0.0534,0.0028,0.0416,0.0005,0.014613221,0.7945,0.1716,0.0039,0.0104,0.0005,0.019313223,0.7512,0.2082,0.0042,0.0122,0.0009,0.023213225,0.5176,0.4456,0.0051,0.0116,0.0007,0.019413227,0.9615,0.0123,0.0053,0.0067,0.0004,0.013813229,0.8812,0.0876,0.0087,0.0066,0.0009,0.015113231,0.8835,0.0930,0.0031,0.0047,0.0003,0.015313233,0.8358,0.1283,0.0080,0.0074,0.0020,0.018413235,0.6523,0.3159,0.0044,0.0111,0.0009,0.015413237,0.7068,0.2675,0.0050,0.0064,0.0026,0.011813239,0.5050,0.4726,0.0070,0.0026,0.0000,0.012713241,0.9490,0.0158,0.0055,0.0108,0.0007,0.018313243,0.3688,0.6154,0.0012,0.0053,0.0010,0.008313245,0.3769,0.5713,0.0044,0.0181,0.0023,0.027013247,0.3823,0.5697,0.0056,0.0186,0.0015,0.022313249,0.7620,0.2013,0.0011,0.0084,0.0000,0.027113251,0.5623,0.4133,0.0047,0.0065,0.0003,0.013013253,0.6446,0.3289,0.0031,0.0077,0.0002,0.015413255,0.6187,0.3456,0.0049,0.0111,0.0010,0.018713257,0.8503,0.1102,0.0051,0.0091,0.0008,0.024413259,0.4488,0.4873,0.0108,0.0308,0.0002,0.022113261,0.4349,0.5315,0.0055,0.0145,0.0022,0.011513263,0.4265,0.5501,0.0067,0.0029,0.0005,0.013413265,0.4198,0.5423,0.0019,0.0155,0.0000,0.020513267,0.6718,0.3010,0.0068,0.0063,0.0018,0.012413269,0.5880,0.3879,0.0030,0.0083,0.0001,0.012713271,0.6033,0.3721,0.0036,0.0072,0.0007,0.013113273,0.3709,0.6038,0.0057,0.0042,0.0016,0.013813275,0.6067,0.3624,0.0061,0.0099,0.0006,0.014313277,0.6585,0.3062,0.0047,0.0164,0.0006,0.013713279,0.7007,0.2653,0.0084,0.0084,0.0014,0.015813281,0.9652,0.0127,0.0040,0.0075,0.0007,0.010013283,0.6641,0.3174,0.0032,0.0037,0.0003,0.011313285,0.5895,0.3664,0.0040,0.0218,0.0018,0.016513287,0.5643,0.4075,0.0052,0.0094,0.0018,0.011913289,0.5711,0.4053,0.0038,0.0032,0.0004,0.016213291,0.9668,0.0089,0.0050,0.0066,0.0002,0.012513293,0.6877,0.2848,0.0048,0.0072,0.0006,0.014913295,0.9267,0.0450,0.0038,0.0073,0.0007,0.016613297,0.7771,0.1846,0.0041,0.0162,0.0011,0.016913299,0.6643,0.3015,0.0049,0.0094,0.0010,0.018913301,0.3883,0.5904,0.0034,0.0067,0.0000,0.011213303,0.4433,0.5371,0.0018,0.0061,0.0001,0.011613305,0.7641,0.2012,0.0065,0.0060,0.0010,0.021213307,0.5530,0.4213,0.0050,0.0046,0.0000,0.016113309,0.6045,0.3780,0.0010,0.0034,0.0004,0.012713311,0.9511,0.0205,0.0057,0.0061,0.0008,0.015913313,0.9070,0.0436,0.0144,0.0159,0.0022,0.016913315,0.6254,0.3485,0.0032,0.0075,0.0001,0.015313317,0.5534,0.4141,0.0024,0.0086,0.0002,0.021313319,0.5892,0.3838,0.0052,0.0045,0.0002,0.017013321,0.6949,0.2820,0.0036,0.0067,0.0007,0.012115001,0.3416,0.0081,0.0056,0.2119,0.1297,0.303015003,0.2170,0.0283,0.0033,0.4295,0.0960,0.225915005,0.2727,0.0000,0.0000,0.0795,0.4886,0.159115007,0.3302,0.0066,0.0048,0.3104,0.0922,0.255715009,0.3490,0.0076,0.0056,0.2913,0.1074,0.239116001,0.9186,0.0134,0.0080,0.0281,0.0023,0.029616003,0.9449,0.0035,0.0151,0.0082,0.0040,0.024216005,0.9066,0.0112,0.0372,0.0170,0.0030,0.025116007,0.9689,0.0040,0.0093,0.0055,0.0008,0.011616009,0.8665,0.0046,0.0849,0.0037,0.0010,0.039516011,0.8887,0.0060,0.0739,0.0110,0.0017,0.018816013,0.9463,0.0064,0.0174,0.0119,0.0018,0.016116015,0.9458,0.0051,0.0124,0.0076,0.0035,0.025516017,0.9552,0.0031,0.0093,0.0074,0.0015,0.023516019,0.9443,0.0073,0.0130,0.0117,0.0014,0.022216021,0.9447,0.0058,0.0195,0.0079,0.0012,0.021016023,0.9533,0.0050,0.0130,0.0034,0.0019,0.023416025,0.9397,0.0053,0.0142,0.0044,0.0000,0.036416027,0.9327,0.0083,0.0175,0.0107,0.0034,0.027516029,0.9722,0.0016,0.0068,0.0045,0.0024,0.012516031,0.9453,0.0096,0.0158,0.0080,0.0040,0.017416033,0.9225,0.0117,0.0329,0.0106,0.0023,0.020016035,0.9356,0.0067,0.0243,0.0073,0.0022,0.023916037,0.9596,0.0056,0.0086,0.0035,0.0005,0.022216039,0.8757,0.0340,0.0168,0.0313,0.0040,0.038216041,0.9697,0.0028,0.0098,0.0022,0.0005,0.014916043,0.9609,0.0080,0.0104,0.0034,0.0041,0.013116045,0.9506,0.0027,0.0120,0.0108,0.0016,0.022316047,0.9417,0.0061,0.0210,0.0083,0.0025,0.020516049,0.9333,0.0051,0.0315,0.0062,0.0007,0.023216051,0.9574,0.0045,0.0134,0.0067,0.0012,0.016816053,0.9460,0.0080,0.0224,0.0058,0.0020,0.015816055,0.9452,0.0042,0.0135,0.0096,0.0014,0.026116057,0.9209,0.0117,0.0088,0.0268,0.0017,0.030216059,0.9593,0.0035,0.0126,0.0041,0.0004,0.020116061,0.8702,0.0052,0.0642,0.0202,0.0021,0.038116063,0.9453,0.0047,0.0172,0.0065,0.0017,0.024616065,0.9514,0.0075,0.0051,0.0138,0.0033,0.018916067,0.9441,0.0079,0.0228,0.0059,0.0006,0.018816069,0.8985,0.0049,0.0600,0.0084,0.0012,0.026916071,0.9748,0.0042,0.0053,0.0067,0.0007,0.008216073,0.9187,0.0095,0.0444,0.0075,0.0020,0.018016075,0.9412,0.0045,0.0177,0.0102,0.0010,0.025316077,0.9222,0.0115,0.0375,0.0053,0.0022,0.021416079,0.9398,0.0058,0.0181,0.0070,0.0017,0.027616081,0.9663,0.0039,0.0088,0.0062,0.0017,0.013116083,0.9394,0.0075,0.0133,0.0173,0.0030,0.019416085,0.9569,0.0043,0.0120,0.0064,0.0011,0.019216087,0.9441,0.0051,0.0169,0.0099,0.0015,0.022417001,0.9283,0.0386,0.0028,0.0099,0.0003,0.020017003,0.6442,0.3233,0.0046,0.0030,0.0017,0.023317005,0.9087,0.0615,0.0068,0.0081,0.0002,0.014717007,0.9243,0.0282,0.0078,0.0153,0.0010,0.023417009,0.7865,0.1882,0.0128,0.0034,0.0003,0.008817011,0.9607,0.0099,0.0047,0.0101,0.0005,0.014117013,0.9846,0.0042,0.0027,0.0027,0.0002,0.005617015,0.9639,0.0107,0.0045,0.0054,0.0002,0.015217017,0.9243,0.0476,0.0069,0.0066,0.0014,0.013217019,0.7195,0.1356,0.0036,0.1110,0.0010,0.029217021,0.9634,0.0164,0.0027,0.0062,0.0004,0.010817023,0.9776,0.0047,0.0026,0.0042,0.0003,0.010717025,0.9738,0.0053,0.0025,0.0086,0.0000,0.009817027,0.9406,0.0370,0.0037,0.0054,0.0006,0.012517029,0.9280,0.0401,0.0025,0.0105,0.0020,0.016817031,0.6546,0.2386,0.0074,0.0788,0.0007,0.019917033,0.9267,0.0518,0.0037,0.0062,0.0005,0.011117035,0.9752,0.0050,0.0019,0.0062,0.0012,0.010517037,0.8656,0.0806,0.0046,0.0283,0.0008,0.020117039,0.9704,0.0087,0.0026,0.0046,0.0005,0.013117041,0.9712,0.0063,0.0035,0.0069,0.0000,0.012117043,0.7966,0.0525,0.0040,0.1262,0.0005,0.020217045,0.9782,0.0066,0.0025,0.0036,0.0003,0.008817047,0.9739,0.0053,0.0052,0.0039,0.0000,0.011717049,0.9744,0.0057,0.0027,0.0079,0.0003,0.009117051,0.9363,0.0450,0.0029,0.0036,0.0002,0.012017053,0.9659,0.0109,0.0038,0.0050,0.0004,0.014017055,0.9716,0.0061,0.0041,0.0041,0.0002,0.014017057,0.9395,0.0399,0.0067,0.0034,0.0001,0.010417059,0.9696,0.0067,0.0045,0.0024,0.0000,0.016817061,0.9722,0.0135,0.0028,0.0027,0.0002,0.008717063,0.9563,0.0178,0.0035,0.0088,0.0005,0.013117065,0.9746,0.0069,0.0044,0.0037,0.0001,0.010317067,0.9743,0.0061,0.0039,0.0043,0.0009,0.010517069,0.9680,0.0054,0.0074,0.0046,0.0013,0.013317071,0.9763,0.0037,0.0030,0.0045,0.0007,0.011817073,0.9561,0.0194,0.0032,0.0048,0.0003,0.016217075,0.9647,0.0113,0.0037,0.0056,0.0003,0.014417077,0.7747,0.1523,0.0054,0.0379,0.0009,0.028917079,0.9839,0.0030,0.0021,0.0032,0.0002,0.007617081,0.8744,0.0894,0.0035,0.0120,0.0004,0.020317083,0.9678,0.0077,0.0037,0.0075,0.0003,0.013017085,0.9728,0.0069,0.0033,0.0058,0.0006,0.010817087,0.9100,0.0709,0.0038,0.0030,0.0003,0.012017089,0.8655,0.0600,0.0103,0.0438,0.0008,0.019517091,0.8141,0.1502,0.0043,0.0107,0.0005,0.020217093,0.8637,0.0770,0.0054,0.0324,0.0007,0.020817095,0.8757,0.0821,0.0042,0.0106,0.0004,0.027017097,0.8110,0.0748,0.0086,0.0829,0.0010,0.021817099,0.9441,0.0284,0.0039,0.0094,0.0003,0.013917101,0.8790,0.1007,0.0042,0.0049,0.0004,0.010817103,0.9166,0.0556,0.0037,0.0084,0.0005,0.015217105,0.9293,0.0419,0.0028,0.0101,0.0001,0.015817107,0.8898,0.0829,0.0037,0.0077,0.0002,0.015817109,0.8992,0.0558,0.0039,0.0238,0.0002,0.017217111,0.9313,0.0172,0.0050,0.0297,0.0005,0.016217113,0.8364,0.0819,0.0029,0.0542,0.0005,0.024117115,0.7798,0.1751,0.0027,0.0119,0.0005,0.030017117,0.9708,0.0098,0.0037,0.0039,0.0003,0.011517119,0.8770,0.0880,0.0033,0.0103,0.0006,0.020717121,0.9267,0.0428,0.0036,0.0068,0.0003,0.019917123,0.9706,0.0077,0.0040,0.0049,0.0002,0.012717125,0.9734,0.0069,0.0040,0.0044,0.0001,0.011217127,0.9048,0.0595,0.0052,0.0063,0.0001,0.024117129,0.9688,0.0091,0.0033,0.0038,0.0002,0.014617131,0.9731,0.0081,0.0025,0.0047,0.0004,0.011217133,0.9769,0.0041,0.0024,0.0066,0.0003,0.009717135,0.9479,0.0354,0.0022,0.0050,0.0004,0.009117137,0.8994,0.0697,0.0043,0.0077,0.0006,0.018517139,0.9781,0.0060,0.0026,0.0031,0.0003,0.009917141,0.9615,0.0124,0.0037,0.0069,0.0008,0.014717143,0.7373,0.1865,0.0040,0.0413,0.0007,0.030217145,0.8818,0.0895,0.0042,0.0054,0.0006,0.018517147,0.9745,0.0070,0.0021,0.0043,0.0004,0.011817149,0.9713,0.0145,0.0022,0.0031,0.0004,0.008517151,0.9205,0.0534,0.0076,0.0040,0.0007,0.013817153,0.6495,0.3095,0.0075,0.0040,0.0005,0.028917155,0.9686,0.0085,0.0031,0.0057,0.0002,0.013817157,0.8733,0.1047,0.0031,0.0051,0.0007,0.013117159,0.9651,0.0081,0.0035,0.0089,0.0002,0.014117161,0.8269,0.1099,0.0061,0.0275,0.0005,0.029017163,0.6494,0.3057,0.0038,0.0153,0.0010,0.024917165,0.9280,0.0390,0.0048,0.0065,0.0009,0.020817167,0.8215,0.1295,0.0027,0.0211,0.0004,0.024817169,0.9508,0.0362,0.0019,0.0042,0.0000,0.006917171,0.9803,0.0061,0.0022,0.0022,0.0000,0.009117173,0.9811,0.0037,0.0022,0.0034,0.0004,0.009217175,0.9674,0.0088,0.0024,0.0055,0.0007,0.015117177,0.8569,0.1030,0.0029,0.0067,0.0004,0.030117179,0.9592,0.0133,0.0033,0.0092,0.0003,0.014717181,0.9580,0.0128,0.0071,0.0046,0.0004,0.017217183,0.8219,0.1396,0.0039,0.0091,0.0004,0.025217185,0.9603,0.0094,0.0029,0.0124,0.0004,0.014717187,0.9217,0.0275,0.0043,0.0257,0.0019,0.018717189,0.9746,0.0095,0.0019,0.0046,0.0002,0.009117191,0.9733,0.0059,0.0032,0.0072,0.0001,0.010217193,0.9738,0.0070,0.0039,0.0043,0.0005,0.010517195,0.9544,0.0180,0.0047,0.0054,0.0003,0.017217197,0.7943,0.1213,0.0047,0.0595,0.0005,0.019717199,0.9163,0.0465,0.0049,0.0135,0.0003,0.018517201,0.8004,0.1363,0.0055,0.0287,0.0006,0.028717203,0.9709,0.0068,0.0028,0.0078,0.0003,0.011518001,0.9777,0.0060,0.0032,0.0037,0.0005,0.009018003,0.7988,0.1201,0.0047,0.0438,0.0011,0.031618005,0.8757,0.0233,0.0045,0.0788,0.0007,0.016918007,0.9693,0.0101,0.0030,0.0032,0.0006,0.013918009,0.9697,0.0075,0.0028,0.0037,0.0003,0.015918011,0.9298,0.0201,0.0028,0.0306,0.0004,0.016318013,0.9678,0.0070,0.0066,0.0045,0.0002,0.013918015,0.9753,0.0079,0.0037,0.0017,0.0002,0.011118017,0.9272,0.0216,0.0111,0.0218,0.0019,0.016418019,0.8774,0.0813,0.0041,0.0114,0.0008,0.025018021,0.9731,0.0072,0.0029,0.0037,0.0005,0.012618023,0.9732,0.0074,0.0052,0.0043,0.0004,0.009518025,0.9716,0.0061,0.0055,0.0021,0.0009,0.013918027,0.9571,0.0222,0.0038,0.0051,0.0012,0.010618029,0.9735,0.0067,0.0023,0.0046,0.0006,0.012318031,0.9677,0.0062,0.0025,0.0133,0.0004,0.009918033,0.9746,0.0052,0.0031,0.0052,0.0007,0.011218035,0.8881,0.0717,0.0029,0.0137,0.0006,0.023018037,0.9715,0.0083,0.0026,0.0073,0.0023,0.008018039,0.8950,0.0613,0.0064,0.0119,0.0008,0.024518041,0.9656,0.0142,0.0038,0.0037,0.0000,0.012718043,0.9054,0.0550,0.0036,0.0119,0.0005,0.023618045,0.9737,0.0062,0.0037,0.0035,0.0008,0.012218047,0.9738,0.0033,0.0027,0.0107,0.0002,0.009218049,0.9615,0.0085,0.0090,0.0060,0.0002,0.014718051,0.9501,0.0213,0.0033,0.0055,0.0003,0.019518053,0.8870,0.0729,0.0043,0.0095,0.0005,0.025918055,0.9788,0.0028,0.0039,0.0037,0.0002,0.010518057,0.8704,0.0441,0.0022,0.0623,0.0005,0.020618059,0.9423,0.0294,0.0031,0.0088,0.0004,0.016018061,0.9715,0.0072,0.0032,0.0045,0.0005,0.013018063,0.8715,0.0744,0.0031,0.0298,0.0006,0.020518065,0.9522,0.0272,0.0021,0.0040,0.0003,0.014218067,0.8785,0.0770,0.0040,0.0125,0.0005,0.027418069,0.9680,0.0073,0.0057,0.0059,0.0005,0.012618071,0.9438,0.0125,0.0037,0.0245,0.0016,0.013918073,0.9708,0.0087,0.0034,0.0048,0.0005,0.011818075,0.9774,0.0051,0.0020,0.0042,0.0003,0.011118077,0.9518,0.0203,0.0034,0.0081,0.0003,0.016218079,0.9720,0.0088,0.0024,0.0032,0.0005,0.013118081,0.9187,0.0242,0.0031,0.0350,0.0008,0.018118083,0.9436,0.0296,0.0034,0.0090,0.0005,0.013918085,0.9537,0.0116,0.0042,0.0162,0.0006,0.013618087,0.9790,0.0053,0.0030,0.0045,0.0002,0.008018089,0.7125,0.2450,0.0055,0.0169,0.0006,0.019418091,0.8495,0.1156,0.0047,0.0063,0.0003,0.023618093,0.9694,0.0054,0.0045,0.0072,0.0003,0.013218095,0.8831,0.0856,0.0041,0.0062,0.0006,0.020418097,0.6398,0.2890,0.0045,0.0365,0.0007,0.029418099,0.9647,0.0088,0.0038,0.0070,0.0008,0.014818101,0.9788,0.0031,0.0038,0.0038,0.0001,0.010418103,0.9138,0.0504,0.0096,0.0046,0.0004,0.021218105,0.8637,0.0363,0.0032,0.0705,0.0007,0.025718107,0.9623,0.0110,0.0044,0.0084,0.0005,0.013418109,0.9730,0.0052,0.0033,0.0060,0.0004,0.012018111,0.9670,0.0089,0.0055,0.0052,0.0014,0.012118113,0.9672,0.0107,0.0040,0.0053,0.0005,0.012318115,0.9774,0.0060,0.0026,0.0033,0.0002,0.010618117,0.9648,0.0147,0.0044,0.0041,0.0001,0.012018119,0.9728,0.0051,0.0040,0.0055,0.0000,0.012618121,0.9581,0.0262,0.0048,0.0021,0.0003,0.008518123,0.9522,0.0284,0.0036,0.0050,0.0004,0.010518125,0.9741,0.0066,0.0043,0.0065,0.0004,0.008118127,0.9223,0.0424,0.0037,0.0147,0.0004,0.016518129,0.9689,0.0105,0.0029,0.0061,0.0002,0.011618131,0.9706,0.0091,0.0050,0.0025,0.0002,0.012618133,0.9330,0.0380,0.0036,0.0104,0.0005,0.014518135,0.9697,0.0079,0.0045,0.0037,0.0007,0.013418137,0.9696,0.0049,0.0035,0.0098,0.0002,0.011918139,0.9694,0.0106,0.0035,0.0038,0.0004,0.012218141,0.7989,0.1378,0.0057,0.0259,0.0010,0.030718143,0.9714,0.0054,0.0033,0.0097,0.0008,0.009318145,0.9601,0.0136,0.0035,0.0086,0.0014,0.012718147,0.9725,0.0097,0.0027,0.0038,0.0000,0.011318149,0.9765,0.0044,0.0049,0.0023,0.0000,0.011918151,0.9695,0.0082,0.0036,0.0062,0.0005,0.011918153,0.9315,0.0478,0.0034,0.0027,0.0001,0.014518155,0.9674,0.0130,0.0029,0.0039,0.0005,0.012318157,0.8315,0.0566,0.0040,0.0856,0.0006,0.021818159,0.9713,0.0072,0.0040,0.0056,0.0003,0.011518161,0.9662,0.0095,0.0030,0.0048,0.0004,0.016118163,0.8580,0.0973,0.0030,0.0132,0.0019,0.026618165,0.9750,0.0048,0.0038,0.0026,0.0005,0.013218167,0.8787,0.0730,0.0039,0.0202,0.0004,0.023818169,0.9663,0.0083,0.0073,0.0058,0.0003,0.012018171,0.9758,0.0035,0.0030,0.0059,0.0007,0.011018173,0.9379,0.0166,0.0028,0.0267,0.0005,0.015518175,0.9793,0.0050,0.0023,0.0029,0.0002,0.010318177,0.9052,0.0504,0.0037,0.0104,0.0010,0.029218179,0.9701,0.0076,0.0029,0.0068,0.0004,0.012118181,0.9654,0.0077,0.0073,0.0056,0.0005,0.013518183,0.9722,0.0045,0.0043,0.0057,0.0004,0.012819001,0.9783,0.0050,0.0025,0.0038,0.0004,0.009919003,0.9759,0.0036,0.0052,0.0074,0.0003,0.007719005,0.9597,0.0174,0.0072,0.0049,0.0028,0.008019007,0.9668,0.0083,0.0031,0.0068,0.0006,0.014419009,0.9777,0.0049,0.0025,0.0047,0.0002,0.010019011,0.9755,0.0068,0.0030,0.0037,0.0005,0.010519013,0.8453,0.0971,0.0039,0.0249,0.0038,0.025019015,0.9663,0.0120,0.0047,0.0053,0.0003,0.011519017,0.9643,0.0122,0.0015,0.0109,0.0002,0.011019019,0.9747,0.0056,0.0026,0.0061,0.0001,0.010919021,0.8292,0.0354,0.0062,0.0968,0.0183,0.014119023,0.9774,0.0030,0.0019,0.0094,0.0002,0.008119025,0.9592,0.0235,0.0042,0.0028,0.0000,0.010319027,0.9679,0.0128,0.0032,0.0055,0.0002,0.010419029,0.9722,0.0049,0.0045,0.0039,0.0046,0.009919031,0.9711,0.0064,0.0021,0.0069,0.0006,0.012919033,0.9480,0.0192,0.0035,0.0109,0.0015,0.016919035,0.9655,0.0113,0.0043,0.0059,0.0024,0.010619037,0.9788,0.0086,0.0015,0.0035,0.0002,0.007419039,0.9515,0.0135,0.0105,0.0082,0.0019,0.014419041,0.9670,0.0089,0.0031,0.0084,0.0001,0.012519043,0.9758,0.0092,0.0020,0.0026,0.0009,0.009519045,0.9395,0.0298,0.0040,0.0065,0.0005,0.019819047,0.9142,0.0387,0.0129,0.0234,0.0026,0.008319049,0.9058,0.0240,0.0034,0.0503,0.0008,0.015819051,0.9803,0.0022,0.0031,0.0032,0.0000,0.011219053,0.9504,0.0200,0.0047,0.0079,0.0025,0.014419055,0.9770,0.0093,0.0016,0.0036,0.0001,0.008419057,0.8964,0.0608,0.0035,0.0103,0.0005,0.028519059,0.9746,0.0045,0.0022,0.0083,0.0004,0.009919061,0.9278,0.0351,0.0030,0.0136,0.0044,0.016119063,0.9413,0.0138,0.0158,0.0070,0.0008,0.021319065,0.9572,0.0140,0.0027,0.0119,0.0005,0.013719067,0.9395,0.0274,0.0034,0.0148,0.0011,0.013819069,0.9607,0.0116,0.0064,0.0058,0.0012,0.014319071,0.9700,0.0083,0.0039,0.0044,0.0004,0.013019073,0.9706,0.0053,0.0052,0.0049,0.0006,0.013419075,0.9808,0.0052,0.0013,0.0035,0.0006,0.008619077,0.9732,0.0060,0.0037,0.0040,0.0007,0.012319079,0.9400,0.0140,0.0051,0.0237,0.0001,0.017219081,0.9708,0.0102,0.0029,0.0058,0.0008,0.009519083,0.9576,0.0155,0.0042,0.0100,0.0004,0.012419085,0.9753,0.0042,0.0035,0.0035,0.0000,0.013419087,0.9238,0.0280,0.0038,0.0261,0.0015,0.016819089,0.9778,0.0061,0.0021,0.0034,0.0007,0.010019091,0.9701,0.0068,0.0035,0.0051,0.0002,0.014219093,0.9744,0.0044,0.0035,0.0061,0.0006,0.011019095,0.9739,0.0067,0.0026,0.0050,0.0004,0.011419097,0.9671,0.0069,0